2.792655066943652250e+19 -3.791271664411447090e-09 4.927907497366671165e-09
2.478315930261605990e+19 -3.337896332198355946e-09 4.314916262524300987e-09
2.135851712929061274e+19 -2.867989198515728090e-09 3.697033836578633899e-09
1.842606386734889165e+19 -2.475356840437591786e-09 3.188360029726170822e-09
1.634149906619426816e+19 -2.190304446044727899e-09 2.812266929972317597e-09
1.493938107494145843e+19 -1.983874217532989943e-09 2.532744638099489753e-09
1.358275953768210022e+19 -1.795221310025799116e-09 2.281810916022897795e-09
1.217857352579322266e+19 -1.612159447692481013e-09 2.048409411261215535e-09
5.517479057024336691e+19 -7.491749284925322883e-09 9.737800772421495903e-09
4.894591241441229210e+19 -6.595856170461064795e-09 8.526498183763445173e-09
4.217107681065977446e+19 -5.667295346404373500e-09 7.305530501784630854e-09
3.637234694713044582e+19 -4.891433473466771315e-09 6.300364648310433740e-09
3.228593817026384691e+19 -4.328155141441682269e-09 5.557185114315577290e-09
2.948997427030249062e+19 -3.920238285640912578e-09 5.004834679089289590e-09
2.688426826885921178e+19 -3.547450358891661667e-09 4.508976685382775650e-09
2.410898457525851341e+19 -3.185710582479123009e-09 4.047763281007634427e-09
8.636054176212005683e+19 -1.173331215493185363e-08 1.525099772440863376e-08
7.664911685515367219e+19 -1.033019585200828294e-08 1.335389892929918814e-08
6.604430703340675072e+19 -8.875916916221969208e-09 1.144166242909158553e-08
5.692847206962741248e+19 -7.660789646590123146e-09 9.867407416525916321e-09
5.060860100580943462e+19 -6.778602940974149936e-09 8.703466263389566762e-09
4.623266933989357978e+19 -6.139738225301095800e-09 7.838394555404835823e-09
4.214626056302697677e+19 -5.555890831437991981e-09 7.061799326125148385e-09
3.772896848438980608e+19 -4.989346926202861432e-09 6.339463035969557753e-09
1.207393168160827802e+20 -1.640387999308905882e-08 2.132181722156473281e-08
1.072061897736662712e+20 -1.444223874686046449e-08 1.866955816395339380e-08
9.238261785434451149e+19 -1.240906860100631733e-08 1.599613635983325120e-08
7.959397824091180237e+19 -1.071024716573834182e-08 1.379523236684441406e-08
7.069321742328333107e+19 -9.476897041877480650e-09 1.216797207132044002e-08
6.458842050561622016e+19 -8.583725315996021418e-09 1.095854956949434606e-08
5.883105105480821965e+19 -7.767471399221445087e-09 9.872822474208857368e-09
5.274279830222964326e+19 -6.975408758179927061e-09 8.862952857474723683e-09
1.577982466143871631e+20 -2.143615139591482243e-08 2.786278021965242715e-08
1.400298133093073060e+20 -1.887273134872804690e-08 2.439687909177723860e-08
1.206731401557286748e+20 -1.621583864360166211e-08 2.090332281390964978e-08
1.038973567559605289e+20 -1.399586458453951450e-08 1.802724061120389388e-08
9.231644119399040614e+19 -1.238415547968616819e-08 1.590078043451153759e-08
8.444141861185072333e+19 -1.121698236448758597e-08 1.432033941656992901e-08
7.681455850603896832e+19 -1.015032395884541925e-08 1.290154001040031978e-08
6.885681509845663744e+19 -9.115277474801845165e-09 1.158186954283373038e-08
1.972395361854397153e+20 -2.678434497567403857e-08 3.481438092085247605e-08
1.750703549668111811e+20 -2.358136675946854272e-08 3.048375797475657768e-08
1.507835206168509809e+20 -2.026159552220237284e-08 2.611857917535170720e-08
1.299709609354818355e+20 -1.748775048916563701e-08 2.252493110985899473e-08
1.153459189972224082e+20 -1.547392957826574753e-08 1.986793174702902222e-08
1.054855966044592865e+20 -1.401555375064652810e-08 1.789318008725034062e-08
9.605542250399789875e+19 -1.268277030478502780e-08 1.612039886985554781e-08
8.617855594614623437e+19 -1.138948580386149544e-08 1.447147826207843217e-08
2.385668605765844992e+20 -3.241491686613080302e-08 4.213301647364017366e-08
2.116329598124597248e+20 -2.853861245559742668e-08 3.689201427445248707e-08
1.827137592377114624e+20 -2.452096253069394081e-08 3.160919486805304689e-08
1.574011866522624983e+20 -2.116400347694150621e-08 2.726009420438886896e-08
1.397651066678908518e+20 -1.872683972451512838e-08 2.404454368634753590e-08
1.276547778230878044e+20 -1.696188577727798710e-08 2.165466208779796514e-08
1.161400389214718034e+20 -1.534892601746235868e-08 1.950920889689278696e-08
1.042613283879081574e+20 -1.378376911091150033e-08 1.751365436673840537e-08
2.823096330706545213e+20 -3.830202944493665351e-08 4.978510675410672896e-08
2.500815994782005330e+20 -3.372172131800240281e-08 4.359224754964285601e-08
2.157359127544148460e+20 -2.897439606363001737e-08 3.734997513879851350e-08
1.859895039252401684e+20 -2.500775511215810349e-08 3.221100216435891864e-08
1.650115025929857270e+20 -2.212795960512783990e-08 2.841145171727021646e-08
1.507173439564968755e+20 -2.004245973462478223e-08 2.558752550778334921e-08
1.373827468951426990e+20 -1.813655863323104851e-08 2.305242074420431388e-08
1.231216765888309330e+20 -1.628714164648673085e-08 2.069443903239524907e-08
2.792655066943652250e+19 -3.791271664411447090e-09 4.927907497366671165e-09
2.478315930261605990e+19 -3.337896332198355946e-09 4.314916262524300987e-09
2.135851712929061274e+19 -2.867989198515728090e-09 3.697033836578633899e-09
1.842606386734889165e+19 -2.475356840437591786e-09 3.188360029726170822e-09
1.634149906619426816e+19 -2.190304446044727899e-09 2.812266929972317597e-09
1.493938107494145843e+19 -1.983874217532989943e-09 2.532744638099489753e-09
1.358275953768210022e+19 -1.795221310025799116e-09 2.281810916022897795e-09
1.217857352579322266e+19 -1.612159447692481013e-09 2.048409411261215535e-09
5.517479057024336691e+19 -7.491749284925322883e-09 9.737800772421495903e-09
4.894591241441229210e+19 -6.595856170461064795e-09 8.526498183763445173e-09
4.217107681065977446e+19 -5.667295346404373500e-09 7.305530501784630854e-09
3.637234694713044582e+19 -4.891433473466771315e-09 6.300364648310433740e-09
3.228593817026384691e+19 -4.328155141441682269e-09 5.557185114315577290e-09
2.948997427030249062e+19 -3.920238285640912578e-09 5.004834679089289590e-09
2.688426826885921178e+19 -3.547450358891661667e-09 4.508976685382775650e-09
2.410898457525851341e+19 -3.185710582479123009e-09 4.047763281007634427e-09
8.636054176212005683e+19 -1.173331215493185363e-08 1.525099772440863376e-08
7.664911685515367219e+19 -1.033019585200828294e-08 1.335389892929918814e-08
6.604430703340675072e+19 -8.875916916221969208e-09 1.144166242909158553e-08
5.692847206962741248e+19 -7.660789646590123146e-09 9.867407416525916321e-09
5.060860100580943462e+19 -6.778602940974149936e-09 8.703466263389566762e-09
4.623266933989357978e+19 -6.139738225301095800e-09 7.838394555404835823e-09
4.214626056302697677e+19 -5.555890831437991981e-09 7.061799326125148385e-09
3.772896848438980608e+19 -4.989346926202861432e-09 6.339463035969557753e-09
1.207393168160827802e+20 -1.640387999308905882e-08 2.132181722156473281e-08
1.072061897736662712e+20 -1.444223874686046449e-08 1.866955816395339380e-08
9.238261785434451149e+19 -1.240906860100631733e-08 1.599613635983325120e-08
7.959397824091180237e+19 -1.071024716573834182e-08 1.379523236684441406e-08
7.069321742328333107e+19 -9.476897041877480650e-09 1.216797207132044002e-08
6.458842050561622016e+19 -8.583725315996021418e-09 1.095854956949434606e-08
5.883105105480821965e+19 -7.767471399221445087e-09 9.872822474208857368e-09
5.274279830222964326e+19 -6.975408758179927061e-09 8.862952857474723683e-09
1.577982466143871631e+20 -2.143615139591482243e-08 2.786278021965242715e-08
1.400298133093073060e+20 -1.887273134872804690e-08 2.439687909177723860e-08
1.206731401557286748e+20 -1.621583864360166211e-08 2.090332281390964978e-08
1.038973567559605289e+20 -1.399586458453951450e-08 1.802724061120389388e-08
9.231644119399040614e+19 -1.238415547968616819e-08 1.590078043451153759e-08
8.444141861185072333e+19 -1.121698236448758597e-08 1.432033941656992901e-08
7.681455850603896832e+19 -1.015032395884541925e-08 1.290154001040031978e-08
6.885681509845663744e+19 -9.115277474801845165e-09 1.158186954283373038e-08
1.972395361854397153e+20 -2.678434497567403857e-08 3.481438092085247605e-08
1.750703549668111811e+20 -2.358136675946854272e-08 3.048375797475657768e-08
1.507835206168509809e+20 -2.026159552220237284e-08 2.611857917535170720e-08
1.299709609354818355e+20 -1.748775048916563701e-08 2.252493110985899473e-08
1.153459189972224082e+20 -1.547392957826574753e-08 1.986793174702902222e-08
1.054855966044592865e+20 -1.401555375064652810e-08 1.789318008725034062e-08
9.605542250399789875e+19 -1.268277030478502780e-08 1.612039886985554781e-08
8.617855594614623437e+19 -1.138948580386149544e-08 1.447147826207843217e-08
2.385668605765844992e+20 -3.241491686613080302e-08 4.213301647364017366e-08
2.116329598124597248e+20 -2.853861245559742668e-08 3.689201427445248707e-08
1.827137592377114624e+20 -2.452096253069394081e-08 3.160919486805304689e-08
1.574011866522624983e+20 -2.116400347694150621e-08 2.726009420438886896e-08
1.397651066678908518e+20 -1.872683972451512838e-08 2.404454368634753590e-08
1.276547778230878044e+20 -1.696188577727798710e-08 2.165466208779796514e-08
1.161400389214718034e+20 -1.534892601746235868e-08 1.950920889689278696e-08
1.042613283879081574e+20 -1.378376911091150033e-08 1.751365436673840537e-08
2.823096330706545213e+20 -3.830202944493665351e-08 4.978510675410672896e-08
2.500815994782005330e+20 -3.372172131800240281e-08 4.359224754964285601e-08
2.157359127544148460e+20 -2.897439606363001737e-08 3.734997513879851350e-08
1.859895039252401684e+20 -2.500775511215810349e-08 3.221100216435891864e-08
1.650115025929857270e+20 -2.212795960512783990e-08 2.841145171727021646e-08
1.507173439564968755e+20 -2.004245973462478223e-08 2.558752550778334921e-08
1.373827468951426990e+20 -1.813655863323104851e-08 2.305242074420431388e-08
1.231216765888309330e+20 -1.628714164648673085e-08 2.069443903239524907e-08
2.792655066943652250e+19 -3.791271664411447090e-09 4.927907497366671165e-09
2.478315930261605990e+19 -3.337896332198355946e-09 4.314916262524300987e-09
2.135851712929061274e+19 -2.867989198515728090e-09 3.697033836578633899e-09
1.842606386734889165e+19 -2.475356840437591786e-09 3.188360029726170822e-09
1.634149906619426816e+19 -2.190304446044727899e-09 2.812266929972317597e-09
1.493938107494145843e+19 -1.983874217532989943e-09 2.532744638099489753e-09
1.358275953768210022e+19 -1.795221310025799116e-09 2.281810916022897795e-09
1.217857352579322266e+19 -1.612159447692481013e-09 2.048409411261215535e-09
5.517479057024336691e+19 -7.491749284925322883e-09 9.737800772421495903e-09
4.894591241441229210e+19 -6.595856170461064795e-09 8.526498183763445173e-09
4.217107681065977446e+19 -5.667295346404373500e-09 7.305530501784630854e-09
3.637234694713044582e+19 -4.891433473466771315e-09 6.300364648310433740e-09
3.228593817026384691e+19 -4.328155141441682269e-09 5.557185114315577290e-09
2.948997427030249062e+19 -3.920238285640912578e-09 5.004834679089289590e-09
2.688426826885921178e+19 -3.547450358891661667e-09 4.508976685382775650e-09
2.410898457525851341e+19 -3.185710582479123009e-09 4.047763281007634427e-09
8.636054176212005683e+19 -1.173331215493185363e-08 1.525099772440863376e-08
7.664911685515367219e+19 -1.033019585200828294e-08 1.335389892929918814e-08
6.604430703340675072e+19 -8.875916916221969208e-09 1.144166242909158553e-08
5.692847206962741248e+19 -7.660789646590123146e-09 9.867407416525916321e-09
5.060860100580943462e+19 -6.778602940974149936e-09 8.703466263389566762e-09
4.623266933989357978e+19 -6.139738225301095800e-09 7.838394555404835823e-09
4.214626056302697677e+19 -5.555890831437991981e-09 7.061799326125148385e-09
3.772896848438980608e+19 -4.989346926202861432e-09 6.339463035969557753e-09
1.207393168160827802e+20 -1.640387999308905882e-08 2.132181722156473281e-08
1.072061897736662712e+20 -1.444223874686046449e-08 1.866955816395339380e-08
9.238261785434451149e+19 -1.240906860100631733e-08 1.599613635983325120e-08
7.959397824091180237e+19 -1.071024716573834182e-08 1.379523236684441406e-08
7.069321742328333107e+19 -9.476897041877480650e-09 1.216797207132044002e-08
6.458842050561622016e+19 -8.583725315996021418e-09 1.095854956949434606e-08
5.883105105480821965e+19 -7.767471399221445087e-09 9.872822474208857368e-09
5.274279830222964326e+19 -6.975408758179927061e-09 8.862952857474723683e-09
1.577982466143871631e+20 -2.143615139591482243e-08 2.786278021965242715e-08
1.400298133093073060e+20 -1.887273134872804690e-08 2.439687909177723860e-08
1.206731401557286748e+20 -1.621583864360166211e-08 2.090332281390964978e-08
1.038973567559605289e+20 -1.399586458453951450e-08 1.802724061120389388e-08
9.231644119399040614e+19 -1.238415547968616819e-08 1.590078043451153759e-08
8.444141861185072333e+19 -1.121698236448758597e-08 1.432033941656992901e-08
7.681455850603896832e+19 -1.015032395884541925e-08 1.290154001040031978e-08
6.885681509845663744e+19 -9.115277474801845165e-09 1.158186954283373038e-08
1.972395361854397153e+20 -2.678434497567403857e-08 3.481438092085247605e-08
1.750703549668111811e+20 -2.358136675946854272e-08 3.048375797475657768e-08
1.507835206168509809e+20 -2.026159552220237284e-08 2.611857917535170720e-08
1.299709609354818355e+20 -1.748775048916563701e-08 2.252493110985899473e-08
1.153459189972224082e+20 -1.547392957826574753e-08 1.986793174702902222e-08
1.054855966044592865e+20 -1.401555375064652810e-08 1.789318008725034062e-08
9.605542250399789875e+19 -1.268277030478502780e-08 1.612039886985554781e-08
8.617855594614623437e+19 -1.138948580386149544e-08 1.447147826207843217e-08
2.385668605765844992e+20 -3.241491686613080302e-08 4.213301647364017366e-08
2.116329598124597248e+20 -2.853861245559742668e-08 3.689201427445248707e-08
1.827137592377114624e+20 -2.452096253069394081e-08 3.160919486805304689e-08
1.574011866522624983e+20 -2.116400347694150621e-08 2.726009420438886896e-08
1.397651066678908518e+20 -1.872683972451512838e-08 2.404454368634753590e-08
1.276547778230878044e+20 -1.696188577727798710e-08 2.165466208779796514e-08
1.161400389214718034e+20 -1.534892601746235868e-08 1.950920889689278696e-08
1.042613283879081574e+20 -1.378376911091150033e-08 1.751365436673840537e-08
2.823096330706545213e+20 -3.830202944493665351e-08 4.978510675410672896e-08
2.500815994782005330e+20 -3.372172131800240281e-08 4.359224754964285601e-08
2.157359127544148460e+20 -2.897439606363001737e-08 3.734997513879851350e-08
1.859895039252401684e+20 -2.500775511215810349e-08 3.221100216435891864e-08
1.650115025929857270e+20 -2.212795960512783990e-08 2.841145171727021646e-08
1.507173439564968755e+20 -2.004245973462478223e-08 2.558752550778334921e-08
1.373827468951426990e+20 -1.813655863323104851e-08 2.305242074420431388e-08
1.231216765888309330e+20 -1.628714164648673085e-08 2.069443903239524907e-08
2.792655066943652250e+19 -3.791271664411447090e-09 4.927907497366671165e-09
2.478315930261605990e+19 -3.337896332198355946e-09 4.314916262524300987e-09
2.135851712929061274e+19 -2.867989198515728090e-09 3.697033836578633899e-09
1.842606386734889165e+19 -2.475356840437591786e-09 3.188360029726170822e-09
1.634149906619426816e+19 -2.190304446044727899e-09 2.812266929972317597e-09
1.493938107494145843e+19 -1.983874217532989943e-09 2.532744638099489753e-09
1.358275953768210022e+19 -1.795221310025799116e-09 2.281810916022897795e-09
1.217857352579322266e+19 -1.612159447692481013e-09 2.048409411261215535e-09
5.517479057024336691e+19 -7.491749284925322883e-09 9.737800772421495903e-09
4.894591241441229210e+19 -6.595856170461064795e-09 8.526498183763445173e-09
4.217107681065977446e+19 -5.667295346404373500e-09 7.305530501784630854e-09
3.637234694713044582e+19 -4.891433473466771315e-09 6.300364648310433740e-09
3.228593817026384691e+19 -4.328155141441682269e-09 5.557185114315577290e-09
2.948997427030249062e+19 -3.920238285640912578e-09 5.004834679089289590e-09
2.688426826885921178e+19 -3.547450358891661667e-09 4.508976685382775650e-09
2.410898457525851341e+19 -3.185710582479123009e-09 4.047763281007634427e-09
8.636054176212005683e+19 -1.173331215493185363e-08 1.525099772440863376e-08
7.664911685515367219e+19 -1.033019585200828294e-08 1.335389892929918814e-08
6.604430703340675072e+19 -8.875916916221969208e-09 1.144166242909158553e-08
5.692847206962741248e+19 -7.660789646590123146e-09 9.867407416525916321e-09
5.060860100580943462e+19 -6.778602940974149936e-09 8.703466263389566762e-09
4.623266933989357978e+19 -6.139738225301095800e-09 7.838394555404835823e-09
4.214626056302697677e+19 -5.555890831437991981e-09 7.061799326125148385e-09
3.772896848438980608e+19 -4.989346926202861432e-09 6.339463035969557753e-09
1.207393168160827802e+20 -1.640387999308905882e-08 2.132181722156473281e-08
1.072061897736662712e+20 -1.444223874686046449e-08 1.866955816395339380e-08
9.238261785434451149e+19 -1.240906860100631733e-08 1.599613635983325120e-08
7.959397824091180237e+19 -1.071024716573834182e-08 1.379523236684441406e-08
7.069321742328333107e+19 -9.476897041877480650e-09 1.216797207132044002e-08
6.458842050561622016e+19 -8.583725315996021418e-09 1.095854956949434606e-08
5.883105105480821965e+19 -7.767471399221445087e-09 9.872822474208857368e-09
5.274279830222964326e+19 -6.975408758179927061e-09 8.862952857474723683e-09
1.577982466143871631e+20 -2.143615139591482243e-08 2.786278021965242715e-08
1.400298133093073060e+20 -1.887273134872804690e-08 2.439687909177723860e-08
1.206731401557286748e+20 -1.621583864360166211e-08 2.090332281390964978e-08
1.038973567559605289e+20 -1.399586458453951450e-08 1.802724061120389388e-08
9.231644119399040614e+19 -1.238415547968616819e-08 1.590078043451153759e-08
8.444141861185072333e+19 -1.121698236448758597e-08 1.432033941656992901e-08
7.681455850603896832e+19 -1.015032395884541925e-08 1.290154001040031978e-08
6.885681509845663744e+19 -9.115277474801845165e-09 1.158186954283373038e-08
1.972395361854397153e+20 -2.678434497567403857e-08 3.481438092085247605e-08
1.750703549668111811e+20 -2.358136675946854272e-08 3.048375797475657768e-08
1.507835206168509809e+20 -2.026159552220237284e-08 2.611857917535170720e-08
1.299709609354818355e+20 -1.748775048916563701e-08 2.252493110985899473e-08
1.153459189972224082e+20 -1.547392957826574753e-08 1.986793174702902222e-08
1.054855966044592865e+20 -1.401555375064652810e-08 1.789318008725034062e-08
9.605542250399789875e+19 -1.268277030478502780e-08 1.612039886985554781e-08
8.617855594614623437e+19 -1.138948580386149544e-08 1.447147826207843217e-08
2.385668605765844992e+20 -3.241491686613080302e-08 4.213301647364017366e-08
2.116329598124597248e+20 -2.853861245559742668e-08 3.689201427445248707e-08
1.827137592377114624e+20 -2.452096253069394081e-08 3.160919486805304689e-08
1.574011866522624983e+20 -2.116400347694150621e-08 2.726009420438886896e-08
1.397651066678908518e+20 -1.872683972451512838e-08 2.404454368634753590e-08
1.276547778230878044e+20 -1.696188577727798710e-08 2.165466208779796514e-08
1.161400389214718034e+20 -1.534892601746235868e-08 1.950920889689278696e-08
1.042613283879081574e+20 -1.378376911091150033e-08 1.751365436673840537e-08
2.823096330706545213e+20 -3.830202944493665351e-08 4.978510675410672896e-08
2.500815994782005330e+20 -3.372172131800240281e-08 4.359224754964285601e-08
2.157359127544148460e+20 -2.897439606363001737e-08 3.734997513879851350e-08
1.859895039252401684e+20 -2.500775511215810349e-08 3.221100216435891864e-08
1.650115025929857270e+20 -2.212795960512783990e-08 2.841145171727021646e-08
1.507173439564968755e+20 -2.004245973462478223e-08 2.558752550778334921e-08
1.373827468951426990e+20 -1.813655863323104851e-08 2.305242074420431388e-08
1.231216765888309330e+20 -1.628714164648673085e-08 2.069443903239524907e-08
2.792655066943652250e+19 -3.791271664411447090e-09 4.927907497366671165e-09
2.478315930261605990e+19 -3.337896332198355946e-09 4.314916262524300987e-09
2.135851712929061274e+19 -2.867989198515728090e-09 3.697033836578633899e-09
1.842606386734889165e+19 -2.475356840437591786e-09 3.188360029726170822e-09
1.634149906619426816e+19 -2.190304446044727899e-09 2.812266929972317597e-09
1.493938107494145843e+19 -1.983874217532989943e-09 2.532744638099489753e-09
1.358275953768210022e+19 -1.795221310025799116e-09 2.281810916022897795e-09
1.217857352579322266e+19 -1.612159447692481013e-09 2.048409411261215535e-09
5.517479057024336691e+19 -7.491749284925322883e-09 9.737800772421495903e-09
4.894591241441229210e+19 -6.595856170461064795e-09 8.526498183763445173e-09
4.217107681065977446e+19 -5.667295346404373500e-09 7.305530501784630854e-09
3.637234694713044582e+19 -4.891433473466771315e-09 6.300364648310433740e-09
3.228593817026384691e+19 -4.328155141441682269e-09 5.557185114315577290e-09
2.948997427030249062e+19 -3.920238285640912578e-09 5.004834679089289590e-09
2.688426826885921178e+19 -3.547450358891661667e-09 4.508976685382775650e-09
2.410898457525851341e+19 -3.185710582479123009e-09 4.047763281007634427e-09
8.636054176212005683e+19 -1.173331215493185363e-08 1.525099772440863376e-08
7.664911685515367219e+19 -1.033019585200828294e-08 1.335389892929918814e-08
6.604430703340675072e+19 -8.875916916221969208e-09 1.144166242909158553e-08
5.692847206962741248e+19 -7.660789646590123146e-09 9.867407416525916321e-09
5.060860100580943462e+19 -6.778602940974149936e-09 8.703466263389566762e-09
4.623266933989357978e+19 -6.139738225301095800e-09 7.838394555404835823e-09
4.214626056302697677e+19 -5.555890831437991981e-09 7.061799326125148385e-09
3.772896848438980608e+19 -4.989346926202861432e-09 6.339463035969557753e-09
1.207393168160827802e+20 -1.640387999308905882e-08 2.132181722156473281e-08
1.072061897736662712e+20 -1.444223874686046449e-08 1.866955816395339380e-08
9.238261785434451149e+19 -1.240906860100631733e-08 1.599613635983325120e-08
7.959397824091180237e+19 -1.071024716573834182e-08 1.379523236684441406e-08
7.069321742328333107e+19 -9.476897041877480650e-09 1.216797207132044002e-08
6.458842050561622016e+19 -8.583725315996021418e-09 1.095854956949434606e-08
5.883105105480821965e+19 -7.767471399221445087e-09 9.872822474208857368e-09
5.274279830222964326e+19 -6.975408758179927061e-09 8.862952857474723683e-09
1.577982466143871631e+20 -2.143615139591482243e-08 2.786278021965242715e-08
1.400298133093073060e+20 -1.887273134872804690e-08 2.439687909177723860e-08
1.206731401557286748e+20 -1.621583864360166211e-08 2.090332281390964978e-08
1.038973567559605289e+20 -1.399586458453951450e-08 1.802724061120389388e-08
9.231644119399040614e+19 -1.238415547968616819e-08 1.590078043451153759e-08
8.444141861185072333e+19 -1.121698236448758597e-08 1.432033941656992901e-08
7.681455850603896832e+19 -1.015032395884541925e-08 1.290154001040031978e-08
6.885681509845663744e+19 -9.115277474801845165e-09 1.158186954283373038e-08
1.972395361854397153e+20 -2.678434497567403857e-08 3.481438092085247605e-08
1.750703549668111811e+20 -2.358136675946854272e-08 3.048375797475657768e-08
1.507835206168509809e+20 -2.026159552220237284e-08 2.611857917535170720e-08
1.299709609354818355e+20 -1.748775048916563701e-08 2.252493110985899473e-08
1.153459189972224082e+20 -1.547392957826574753e-08 1.986793174702902222e-08
1.054855966044592865e+20 -1.401555375064652810e-08 1.789318008725034062e-08
9.605542250399789875e+19 -1.268277030478502780e-08 1.612039886985554781e-08
8.617855594614623437e+19 -1.138948580386149544e-08 1.447147826207843217e-08
2.385668605765844992e+20 -3.241491686613080302e-08 4.213301647364017366e-08
2.116329598124597248e+20 -2.853861245559742668e-08 3.689201427445248707e-08
1.827137592377114624e+20 -2.452096253069394081e-08 3.160919486805304689e-08
1.574011866522624983e+20 -2.116400347694150621e-08 2.726009420438886896e-08
1.397651066678908518e+20 -1.872683972451512838e-08 2.404454368634753590e-08
1.276547778230878044e+20 -1.696188577727798710e-08 2.165466208779796514e-08
1.161400389214718034e+20 -1.534892601746235868e-08 1.950920889689278696e-08
1.042613283879081574e+20 -1.378376911091150033e-08 1.751365436673840537e-08
2.823096330706545213e+20 -3.830202944493665351e-08 4.978510675410672896e-08
2.500815994782005330e+20 -3.372172131800240281e-08 4.359224754964285601e-08
2.157359127544148460e+20 -2.897439606363001737e-08 3.734997513879851350e-08
1.859895039252401684e+20 -2.500775511215810349e-08 3.221100216435891864e-08
1.650115025929857270e+20 -2.212795960512783990e-08 2.841145171727021646e-08
1.507173439564968755e+20 -2.004245973462478223e-08 2.558752550778334921e-08
1.373827468951426990e+20 -1.813655863323104851e-08 2.305242074420431388e-08
1.231216765888309330e+20 -1.628714164648673085e-08 2.069443903239524907e-08
2.792655066943652250e+19 -3.791271664411447090e-09 4.927907497366671165e-09
2.478315930261605990e+19 -3.337896332198355946e-09 4.314916262524300987e-09
2.135851712929061274e+19 -2.867989198515728090e-09 3.697033836578633899e-09
1.842606386734889165e+19 -2.475356840437591786e-09 3.188360029726170822e-09
1.634149906619426816e+19 -2.190304446044727899e-09 2.812266929972317597e-09
1.493938107494145843e+19 -1.983874217532989943e-09 2.532744638099489753e-09
1.358275953768210022e+19 -1.795221310025799116e-09 2.281810916022897795e-09
1.217857352579322266e+19 -1.612159447692481013e-09 2.048409411261215535e-09
5.517479057024336691e+19 -7.491749284925322883e-09 9.737800772421495903e-09
4.894591241441229210e+19 -6.595856170461064795e-09 8.526498183763445173e-09
4.217107681065977446e+19 -5.667295346404373500e-09 7.305530501784630854e-09
3.637234694713044582e+19 -4.891433473466771315e-09 6.300364648310433740e-09
3.228593817026384691e+19 -4.328155141441682269e-09 5.557185114315577290e-09
2.948997427030249062e+19 -3.920238285640912578e-09 5.004834679089289590e-09
2.688426826885921178e+19 -3.547450358891661667e-09 4.508976685382775650e-09
2.410898457525851341e+19 -3.185710582479123009e-09 4.047763281007634427e-09
8.636054176212005683e+19 -1.173331215493185363e-08 1.525099772440863376e-08
7.664911685515367219e+19 -1.033019585200828294e-08 1.335389892929918814e-08
6.604430703340675072e+19 -8.875916916221969208e-09 1.144166242909158553e-08
5.692847206962741248e+19 -7.660789646590123146e-09 9.867407416525916321e-09
5.060860100580943462e+19 -6.778602940974149936e-09 8.703466263389566762e-09
4.623266933989357978e+19 -6.139738225301095800e-09 7.838394555404835823e-09
4.214626056302697677e+19 -5.555890831437991981e-09 7.061799326125148385e-09
3.772896848438980608e+19 -4.989346926202861432e-09 6.339463035969557753e-09
1.207393168160827802e+20 -1.640387999308905882e-08 2.132181722156473281e-08
1.072061897736662712e+20 -1.444223874686046449e-08 1.866955816395339380e-08
9.238261785434451149e+19 -1.240906860100631733e-08 1.599613635983325120e-08
7.959397824091180237e+19 -1.071024716573834182e-08 1.379523236684441406e-08
7.069321742328333107e+19 -9.476897041877480650e-09 1.216797207132044002e-08
6.458842050561622016e+19 -8.583725315996021418e-09 1.095854956949434606e-08
5.883105105480821965e+19 -7.767471399221445087e-09 9.872822474208857368e-09
5.274279830222964326e+19 -6.975408758179927061e-09 8.862952857474723683e-09
1.577982466143871631e+20 -2.143615139591482243e-08 2.786278021965242715e-08
1.400298133093073060e+20 -1.887273134872804690e-08 2.439687909177723860e-08
1.206731401557286748e+20 -1.621583864360166211e-08 2.090332281390964978e-08
1.038973567559605289e+20 -1.399586458453951450e-08 1.802724061120389388e-08
9.231644119399040614e+19 -1.238415547968616819e-08 1.590078043451153759e-08
8.444141861185072333e+19 -1.121698236448758597e-08 1.432033941656992901e-08
7.681455850603896832e+19 -1.015032395884541925e-08 1.290154001040031978e-08
6.885681509845663744e+19 -9.115277474801845165e-09 1.158186954283373038e-08
1.972395361854397153e+20 -2.678434497567403857e-08 3.481438092085247605e-08
1.750703549668111811e+20 -2.358136675946854272e-08 3.048375797475657768e-08
1.507835206168509809e+20 -2.026159552220237284e-08 2.611857917535170720e-08
1.299709609354818355e+20 -1.748775048916563701e-08 2.252493110985899473e-08
1.153459189972224082e+20 -1.547392957826574753e-08 1.986793174702902222e-08
1.054855966044592865e+20 -1.401555375064652810e-08 1.789318008725034062e-08
9.605542250399789875e+19 -1.268277030478502780e-08 1.612039886985554781e-08
8.617855594614623437e+19 -1.138948580386149544e-08 1.447147826207843217e-08
2.385668605765844992e+20 -3.241491686613080302e-08 4.213301647364017366e-08
2.116329598124597248e+20 -2.853861245559742668e-08 3.689201427445248707e-08
1.827137592377114624e+20 -2.452096253069394081e-08 3.160919486805304689e-08
1.574011866522624983e+20 -2.116400347694150621e-08 2.726009420438886896e-08
1.397651066678908518e+20 -1.872683972451512838e-08 2.404454368634753590e-08
1.276547778230878044e+20 -1.696188577727798710e-08 2.165466208779796514e-08
1.161400389214718034e+20 -1.534892601746235868e-08 1.950920889689278696e-08
1.042613283879081574e+20 -1.378376911091150033e-08 1.751365436673840537e-08
2.823096330706545213e+20 -3.830202944493665351e-08 4.978510675410672896e-08
2.500815994782005330e+20 -3.372172131800240281e-08 4.359224754964285601e-08
2.157359127544148460e+20 -2.897439606363001737e-08 3.734997513879851350e-08
1.859895039252401684e+20 -2.500775511215810349e-08 3.221100216435891864e-08
1.650115025929857270e+20 -2.212795960512783990e-08 2.841145171727021646e-08
1.507173439564968755e+20 -2.004245973462478223e-08 2.558752550778334921e-08
1.373827468951426990e+20 -1.813655863323104851e-08 2.305242074420431388e-08
1.231216765888309330e+20 -1.628714164648673085e-08 2.069443903239524907e-08
2.792655066943652250e+19 -3.791271664411447090e-09 4.927907497366671165e-09
2.478315930261605990e+19 -3.337896332198355946e-09 4.314916262524300987e-09
2.135851712929061274e+19 -2.867989198515728090e-09 3.697033836578633899e-09
1.842606386734889165e+19 -2.475356840437591786e-09 3.188360029726170822e-09
1.634149906619426816e+19 -2.190304446044727899e-09 2.812266929972317597e-09
1.493938107494145843e+19 -1.983874217532989943e-09 2.532744638099489753e-09
1.358275953768210022e+19 -1.795221310025799116e-09 2.281810916022897795e-09
1.217857352579322266e+19 -1.612159447692481013e-09 2.048409411261215535e-09
5.517479057024336691e+19 -7.491749284925322883e-09 9.737800772421495903e-09
4.894591241441229210e+19 -6.595856170461064795e-09 8.526498183763445173e-09
4.217107681065977446e+19 -5.667295346404373500e-09 7.305530501784630854e-09
3.637234694713044582e+19 -4.891433473466771315e-09 6.300364648310433740e-09
3.228593817026384691e+19 -4.328155141441682269e-09 5.557185114315577290e-09
2.948997427030249062e+19 -3.920238285640912578e-09 5.004834679089289590e-09
2.688426826885921178e+19 -3.547450358891661667e-09 4.508976685382775650e-09
2.410898457525851341e+19 -3.185710582479123009e-09 4.047763281007634427e-09
8.636054176212005683e+19 -1.173331215493185363e-08 1.525099772440863376e-08
7.664911685515367219e+19 -1.033019585200828294e-08 1.335389892929918814e-08
6.604430703340675072e+19 -8.875916916221969208e-09 1.144166242909158553e-08
5.692847206962741248e+19 -7.660789646590123146e-09 9.867407416525916321e-09
5.060860100580943462e+19 -6.778602940974149936e-09 8.703466263389566762e-09
4.623266933989357978e+19 -6.139738225301095800e-09 7.838394555404835823e-09
4.214626056302697677e+19 -5.555890831437991981e-09 7.061799326125148385e-09
3.772896848438980608e+19 -4.989346926202861432e-09 6.339463035969557753e-09
1.207393168160827802e+20 -1.640387999308905882e-08 2.132181722156473281e-08
1.072061897736662712e+20 -1.444223874686046449e-08 1.866955816395339380e-08
9.238261785434451149e+19 -1.240906860100631733e-08 1.599613635983325120e-08
7.959397824091180237e+19 -1.071024716573834182e-08 1.379523236684441406e-08
7.069321742328333107e+19 -9.476897041877480650e-09 1.216797207132044002e-08
6.458842050561622016e+19 -8.583725315996021418e-09 1.095854956949434606e-08
5.883105105480821965e+19 -7.767471399221445087e-09 9.872822474208857368e-09
5.274279830222964326e+19 -6.975408758179927061e-09 8.862952857474723683e-09
1.577982466143871631e+20 -2.143615139591482243e-08 2.786278021965242715e-08
1.400298133093073060e+20 -1.887273134872804690e-08 2.439687909177723860e-08
1.206731401557286748e+20 -1.621583864360166211e-08 2.090332281390964978e-08
1.038973567559605289e+20 -1.399586458453951450e-08 1.802724061120389388e-08
9.231644119399040614e+19 -1.238415547968616819e-08 1.590078043451153759e-08
8.444141861185072333e+19 -1.121698236448758597e-08 1.432033941656992901e-08
7.681455850603896832e+19 -1.015032395884541925e-08 1.290154001040031978e-08
6.885681509845663744e+19 -9.115277474801845165e-09 1.158186954283373038e-08
1.972395361854397153e+20 -2.678434497567403857e-08 3.481438092085247605e-08
1.750703549668111811e+20 -2.358136675946854272e-08 3.048375797475657768e-08
1.507835206168509809e+20 -2.026159552220237284e-08 2.611857917535170720e-08
1.299709609354818355e+20 -1.748775048916563701e-08 2.252493110985899473e-08
1.153459189972224082e+20 -1.547392957826574753e-08 1.986793174702902222e-08
1.054855966044592865e+20 -1.401555375064652810e-08 1.789318008725034062e-08
9.605542250399789875e+19 -1.268277030478502780e-08 1.612039886985554781e-08
8.617855594614623437e+19 -1.138948580386149544e-08 1.447147826207843217e-08
2.385668605765844992e+20 -3.241491686613080302e-08 4.213301647364017366e-08
2.116329598124597248e+20 -2.853861245559742668e-08 3.689201427445248707e-08
1.827137592377114624e+20 -2.452096253069394081e-08 3.160919486805304689e-08
1.574011866522624983e+20 -2.116400347694150621e-08 2.726009420438886896e-08
1.397651066678908518e+20 -1.872683972451512838e-08 2.404454368634753590e-08
1.276547778230878044e+20 -1.696188577727798710e-08 2.165466208779796514e-08
1.161400389214718034e+20 -1.534892601746235868e-08 1.950920889689278696e-08
1.042613283879081574e+20 -1.378376911091150033e-08 1.751365436673840537e-08
2.823096330706545213e+20 -3.830202944493665351e-08 4.978510675410672896e-08
2.500815994782005330e+20 -3.372172131800240281e-08 4.359224754964285601e-08
2.157359127544148460e+20 -2.897439606363001737e-08 3.734997513879851350e-08
1.859895039252401684e+20 -2.500775511215810349e-08 3.221100216435891864e-08
1.650115025929857270e+20 -2.212795960512783990e-08 2.841145171727021646e-08
1.507173439564968755e+20 -2.004245973462478223e-08 2.558752550778334921e-08
1.373827468951426990e+20 -1.813655863323104851e-08 2.305242074420431388e-08
1.231216765888309330e+20 -1.628714164648673085e-08 2.069443903239524907e-08
2.792655066943652250e+19 -3.791271664411447090e-09 4.927907497366671165e-09
2.478315930261605990e+19 -3.337896332198355946e-09 4.314916262524300987e-09
2.135851712929061274e+19 -2.867989198515728090e-09 3.697033836578633899e-09
1.842606386734889165e+19 -2.475356840437591786e-09 3.188360029726170822e-09
1.634149906619426816e+19 -2.190304446044727899e-09 2.812266929972317597e-09
1.493938107494145843e+19 -1.983874217532989943e-09 2.532744638099489753e-09
1.358275953768210022e+19 -1.795221310025799116e-09 2.281810916022897795e-09
1.217857352579322266e+19 -1.612159447692481013e-09 2.048409411261215535e-09
5.517479057024336691e+19 -7.491749284925322883e-09 9.737800772421495903e-09
4.894591241441229210e+19 -6.595856170461064795e-09 8.526498183763445173e-09
4.217107681065977446e+19 -5.667295346404373500e-09 7.305530501784630854e-09
3.637234694713044582e+19 -4.891433473466771315e-09 6.300364648310433740e-09
3.228593817026384691e+19 -4.328155141441682269e-09 5.557185114315577290e-09
2.948997427030249062e+19 -3.920238285640912578e-09 5.004834679089289590e-09
2.688426826885921178e+19 -3.547450358891661667e-09 4.508976685382775650e-09
2.410898457525851341e+19 -3.185710582479123009e-09 4.047763281007634427e-09
8.636054176212005683e+19 -1.173331215493185363e-08 1.525099772440863376e-08
7.664911685515367219e+19 -1.033019585200828294e-08 1.335389892929918814e-08
6.604430703340675072e+19 -8.875916916221969208e-09 1.144166242909158553e-08
5.692847206962741248e+19 -7.660789646590123146e-09 9.867407416525916321e-09
5.060860100580943462e+19 -6.778602940974149936e-09 8.703466263389566762e-09
4.623266933989357978e+19 -6.139738225301095800e-09 7.838394555404835823e-09
4.214626056302697677e+19 -5.555890831437991981e-09 7.061799326125148385e-09
3.772896848438980608e+19 -4.989346926202861432e-09 6.339463035969557753e-09
1.207393168160827802e+20 -1.640387999308905882e-08 2.132181722156473281e-08
1.072061897736662712e+20 -1.444223874686046449e-08 1.866955816395339380e-08
9.238261785434451149e+19 -1.240906860100631733e-08 1.599613635983325120e-08
7.959397824091180237e+19 -1.071024716573834182e-08 1.379523236684441406e-08
7.069321742328333107e+19 -9.476897041877480650e-09 1.216797207132044002e-08
6.458842050561622016e+19 -8.583725315996021418e-09 1.095854956949434606e-08
5.883105105480821965e+19 -7.767471399221445087e-09 9.872822474208857368e-09
5.274279830222964326e+19 -6.975408758179927061e-09 8.862952857474723683e-09
1.577982466143871631e+20 -2.143615139591482243e-08 2.786278021965242715e-08
1.400298133093073060e+20 -1.887273134872804690e-08 2.439687909177723860e-08
1.206731401557286748e+20 -1.621583864360166211e-08 2.090332281390964978e-08
1.038973567559605289e+20 -1.399586458453951450e-08 1.802724061120389388e-08
9.231644119399040614e+19 -1.238415547968616819e-08 1.590078043451153759e-08
8.444141861185072333e+19 -1.121698236448758597e-08 1.432033941656992901e-08
7.681455850603896832e+19 -1.015032395884541925e-08 1.290154001040031978e-08
6.885681509845663744e+19 -9.115277474801845165e-09 1.158186954283373038e-08
1.972395361854397153e+20 -2.678434497567403857e-08 3.481438092085247605e-08
1.750703549668111811e+20 -2.358136675946854272e-08 3.048375797475657768e-08
1.507835206168509809e+20 -2.026159552220237284e-08 2.611857917535170720e-08
1.299709609354818355e+20 -1.748775048916563701e-08 2.252493110985899473e-08
1.153459189972224082e+20 -1.547392957826574753e-08 1.986793174702902222e-08
1.054855966044592865e+20 -1.401555375064652810e-08 1.789318008725034062e-08
9.605542250399789875e+19 -1.268277030478502780e-08 1.612039886985554781e-08
8.617855594614623437e+19 -1.138948580386149544e-08 1.447147826207843217e-08
2.385668605765844992e+20 -3.241491686613080302e-08 4.213301647364017366e-08
2.116329598124597248e+20 -2.853861245559742668e-08 3.689201427445248707e-08
1.827137592377114624e+20 -2.452096253069394081e-08 3.160919486805304689e-08
1.574011866522624983e+20 -2.116400347694150621e-08 2.726009420438886896e-08
1.397651066678908518e+20 -1.872683972451512838e-08 2.404454368634753590e-08
1.276547778230878044e+20 -1.696188577727798710e-08 2.165466208779796514e-08
1.161400389214718034e+20 -1.534892601746235868e-08 1.950920889689278696e-08
1.042613283879081574e+20 -1.378376911091150033e-08 1.751365436673840537e-08
2.823096330706545213e+20 -3.830202944493665351e-08 4.978510675410672896e-08
2.500815994782005330e+20 -3.372172131800240281e-08 4.359224754964285601e-08
2.157359127544148460e+20 -2.897439606363001737e-08 3.734997513879851350e-08
1.859895039252401684e+20 -2.500775511215810349e-08 3.221100216435891864e-08
1.650115025929857270e+20 -2.212795960512783990e-08 2.841145171727021646e-08
1.507173439564968755e+20 -2.004245973462478223e-08 2.558752550778334921e-08
1.373827468951426990e+20 -1.813655863323104851e-08 2.305242074420431388e-08
1.231216765888309330e+20 -1.628714164648673085e-08 2.069443903239524907e-08
2.792655066943652250e+19 -3.791271664411447090e-09 4.927907497366671165e-09
2.478315930261605990e+19 -3.337896332198355946e-09 4.314916262524300987e-09
2.135851712929061274e+19 -2.867989198515728090e-09 3.697033836578633899e-09
1.842606386734889165e+19 -2.475356840437591786e-09 3.188360029726170822e-09
1.634149906619426816e+19 -2.190304446044727899e-09 2.812266929972317597e-09
1.493938107494145843e+19 -1.983874217532989943e-09 2.532744638099489753e-09
1.358275953768210022e+19 -1.795221310025799116e-09 2.281810916022897795e-09
1.217857352579322266e+19 -1.612159447692481013e-09 2.048409411261215535e-09
5.517479057024336691e+19 -7.491749284925322883e-09 9.737800772421495903e-09
4.894591241441229210e+19 -6.595856170461064795e-09 8.526498183763445173e-09
4.217107681065977446e+19 -5.667295346404373500e-09 7.305530501784630854e-09
3.637234694713044582e+19 -4.891433473466771315e-09 6.300364648310433740e-09
3.228593817026384691e+19 -4.328155141441682269e-09 5.557185114315577290e-09
2.948997427030249062e+19 -3.920238285640912578e-09 5.004834679089289590e-09
2.688426826885921178e+19 -3.547450358891661667e-09 4.508976685382775650e-09
2.410898457525851341e+19 -3.185710582479123009e-09 4.047763281007634427e-09
8.636054176212005683e+19 -1.173331215493185363e-08 1.525099772440863376e-08
7.664911685515367219e+19 -1.033019585200828294e-08 1.335389892929918814e-08
6.604430703340675072e+19 -8.875916916221969208e-09 1.144166242909158553e-08
5.692847206962741248e+19 -7.660789646590123146e-09 9.867407416525916321e-09
5.060860100580943462e+19 -6.778602940974149936e-09 8.703466263389566762e-09
4.623266933989357978e+19 -6.139738225301095800e-09 7.838394555404835823e-09
4.214626056302697677e+19 -5.555890831437991981e-09 7.061799326125148385e-09
3.772896848438980608e+19 -4.989346926202861432e-09 6.339463035969557753e-09
1.207393168160827802e+20 -1.640387999308905882e-08 2.132181722156473281e-08
1.072061897736662712e+20 -1.444223874686046449e-08 1.866955816395339380e-08
9.238261785434451149e+19 -1.240906860100631733e-08 1.599613635983325120e-08
7.959397824091180237e+19 -1.071024716573834182e-08 1.379523236684441406e-08
7.069321742328333107e+19 -9.476897041877480650e-09 1.216797207132044002e-08
6.458842050561622016e+19 -8.583725315996021418e-09 1.095854956949434606e-08
5.883105105480821965e+19 -7.767471399221445087e-09 9.872822474208857368e-09
5.274279830222964326e+19 -6.975408758179927061e-09 8.862952857474723683e-09
1.577982466143871631e+20 -2.143615139591482243e-08 2.786278021965242715e-08
1.400298133093073060e+20 -1.887273134872804690e-08 2.439687909177723860e-08
1.206731401557286748e+20 -1.621583864360166211e-08 2.090332281390964978e-08
1.038973567559605289e+20 -1.399586458453951450e-08 1.802724061120389388e-08
9.231644119399040614e+19 -1.238415547968616819e-08 1.590078043451153759e-08
8.444141861185072333e+19 -1.121698236448758597e-08 1.432033941656992901e-08
7.681455850603896832e+19 -1.015032395884541925e-08 1.290154001040031978e-08
6.885681509845663744e+19 -9.115277474801845165e-09 1.158186954283373038e-08
1.972395361854397153e+20 -2.678434497567403857e-08 3.481438092085247605e-08
1.750703549668111811e+20 -2.358136675946854272e-08 3.048375797475657768e-08
1.507835206168509809e+20 -2.026159552220237284e-08 2.611857917535170720e-08
1.299709609354818355e+20 -1.748775048916563701e-08 2.252493110985899473e-08
1.153459189972224082e+20 -1.547392957826574753e-08 1.986793174702902222e-08
1.054855966044592865e+20 -1.401555375064652810e-08 1.789318008725034062e-08
9.605542250399789875e+19 -1.268277030478502780e-08 1.612039886985554781e-08
8.617855594614623437e+19 -1.138948580386149544e-08 1.447147826207843217e-08
2.385668605765844992e+20 -3.241491686613080302e-08 4.213301647364017366e-08
2.116329598124597248e+20 -2.853861245559742668e-08 3.689201427445248707e-08
1.827137592377114624e+20 -2.452096253069394081e-08 3.160919486805304689e-08
1.574011866522624983e+20 -2.116400347694150621e-08 2.726009420438886896e-08
1.397651066678908518e+20 -1.872683972451512838e-08 2.404454368634753590e-08
1.276547778230878044e+20 -1.696188577727798710e-08 2.165466208779796514e-08
1.161400389214718034e+20 -1.534892601746235868e-08 1.950920889689278696e-08
1.042613283879081574e+20 -1.378376911091150033e-08 1.751365436673840537e-08
2.823096330706545213e+20 -3.830202944493665351e-08 4.978510675410672896e-08
2.500815994782005330e+20 -3.372172131800240281e-08 4.359224754964285601e-08
2.157359127544148460e+20 -2.897439606363001737e-08 3.734997513879851350e-08
1.859895039252401684e+20 -2.500775511215810349e-08 3.221100216435891864e-08
1.650115025929857270e+20 -2.212795960512783990e-08 2.841145171727021646e-08
1.507173439564968755e+20 -2.004245973462478223e-08 2.558752550778334921e-08
1.373827468951426990e+20 -1.813655863323104851e-08 2.305242074420431388e-08
1.231216765888309330e+20 -1.628714164648673085e-08 2.069443903239524907e-08
2.792655066943652250e+19 -3.791271664411447090e-09 4.927907497366671165e-09
2.478315930261605990e+19 -3.337896332198355946e-09 4.314916262524300987e-09
2.135851712929061274e+19 -2.867989198515728090e-09 3.697033836578633899e-09
1.842606386734889165e+19 -2.475356840437591786e-09 3.188360029726170822e-09
1.634149906619426816e+19 -2.190304446044727899e-09 2.812266929972317597e-09
1.493938107494145843e+19 -1.983874217532989943e-09 2.532744638099489753e-09
1.358275953768210022e+19 -1.795221310025799116e-09 2.281810916022897795e-09
1.217857352579322266e+19 -1.612159447692481013e-09 2.048409411261215535e-09
5.517479057024336691e+19 -7.491749284925322883e-09 9.737800772421495903e-09
4.894591241441229210e+19 -6.595856170461064795e-09 8.526498183763445173e-09
4.217107681065977446e+19 -5.667295346404373500e-09 7.305530501784630854e-09
3.637234694713044582e+19 -4.891433473466771315e-09 6.300364648310433740e-09
3.228593817026384691e+19 -4.328155141441682269e-09 5.557185114315577290e-09
2.948997427030249062e+19 -3.920238285640912578e-09 5.004834679089289590e-09
2.688426826885921178e+19 -3.547450358891661667e-09 4.508976685382775650e-09
2.410898457525851341e+19 -3.185710582479123009e-09 4.047763281007634427e-09
8.636054176212005683e+19 -1.173331215493185363e-08 1.525099772440863376e-08
7.664911685515367219e+19 -1.033019585200828294e-08 1.335389892929918814e-08
6.604430703340675072e+19 -8.875916916221969208e-09 1.144166242909158553e-08
5.692847206962741248e+19 -7.660789646590123146e-09 9.867407416525916321e-09
5.060860100580943462e+19 -6.778602940974149936e-09 8.703466263389566762e-09
4.623266933989357978e+19 -6.139738225301095800e-09 7.838394555404835823e-09
4.214626056302697677e+19 -5.555890831437991981e-09 7.061799326125148385e-09
3.772896848438980608e+19 -4.989346926202861432e-09 6.339463035969557753e-09
1.207393168160827802e+20 -1.640387999308905882e-08 2.132181722156473281e-08
1.072061897736662712e+20 -1.444223874686046449e-08 1.866955816395339380e-08
9.238261785434451149e+19 -1.240906860100631733e-08 1.599613635983325120e-08
7.959397824091180237e+19 -1.071024716573834182e-08 1.379523236684441406e-08
7.069321742328333107e+19 -9.476897041877480650e-09 1.216797207132044002e-08
6.458842050561622016e+19 -8.583725315996021418e-09 1.095854956949434606e-08
5.883105105480821965e+19 -7.767471399221445087e-09 9.872822474208857368e-09
5.274279830222964326e+19 -6.975408758179927061e-09 8.862952857474723683e-09
1.577982466143871631e+20 -2.143615139591482243e-08 2.786278021965242715e-08
1.400298133093073060e+20 -1.887273134872804690e-08 2.439687909177723860e-08
1.206731401557286748e+20 -1.621583864360166211e-08 2.090332281390964978e-08
1.038973567559605289e+20 -1.399586458453951450e-08 1.802724061120389388e-08
9.231644119399040614e+19 -1.238415547968616819e-08 1.590078043451153759e-08
8.444141861185072333e+19 -1.121698236448758597e-08 1.432033941656992901e-08
7.681455850603896832e+19 -1.015032395884541925e-08 1.290154001040031978e-08
6.885681509845663744e+19 -9.115277474801845165e-09 1.158186954283373038e-08
1.972395361854397153e+20 -2.678434497567403857e-08 3.481438092085247605e-08
1.750703549668111811e+20 -2.358136675946854272e-08 3.048375797475657768e-08
1.507835206168509809e+20 -2.026159552220237284e-08 2.611857917535170720e-08
1.299709609354818355e+20 -1.748775048916563701e-08 2.252493110985899473e-08
1.153459189972224082e+20 -1.547392957826574753e-08 1.986793174702902222e-08
1.054855966044592865e+20 -1.401555375064652810e-08 1.789318008725034062e-08
9.605542250399789875e+19 -1.268277030478502780e-08 1.612039886985554781e-08
8.617855594614623437e+19 -1.138948580386149544e-08 1.447147826207843217e-08
2.385668605765844992e+20 -3.241491686613080302e-08 4.213301647364017366e-08
2.116329598124597248e+20 -2.853861245559742668e-08 3.689201427445248707e-08
1.827137592377114624e+20 -2.452096253069394081e-08 3.160919486805304689e-08
1.574011866522624983e+20 -2.116400347694150621e-08 2.726009420438886896e-08
1.397651066678908518e+20 -1.872683972451512838e-08 2.404454368634753590e-08
1.276547778230878044e+20 -1.696188577727798710e-08 2.165466208779796514e-08
1.161400389214718034e+20 -1.534892601746235868e-08 1.950920889689278696e-08
1.042613283879081574e+20 -1.378376911091150033e-08 1.751365436673840537e-08
2.823096330706545213e+20 -3.830202944493665351e-08 4.978510675410672896e-08
2.500815994782005330e+20 -3.372172131800240281e-08 4.359224754964285601e-08
2.157359127544148460e+20 -2.897439606363001737e-08 3.734997513879851350e-08
1.859895039252401684e+20 -2.500775511215810349e-08 3.221100216435891864e-08
1.650115025929857270e+20 -2.212795960512783990e-08 2.841145171727021646e-08
1.507173439564968755e+20 -2.004245973462478223e-08 2.558752550778334921e-08
1.373827468951426990e+20 -1.813655863323104851e-08 2.305242074420431388e-08
1.231216765888309330e+20 -1.628714164648673085e-08 2.069443903239524907e-08
2.792655066943652250e+19 -3.791271664411447090e-09 4.927907497366671165e-09
2.478315930261605990e+19 -3.337896332198355946e-09 4.314916262524300987e-09
2.135851712929061274e+19 -2.867989198515728090e-09 3.697033836578633899e-09
1.842606386734889165e+19 -2.475356840437591786e-09 3.188360029726170822e-09
1.634149906619426816e+19 -2.190304446044727899e-09 2.812266929972317597e-09
1.493938107494145843e+19 -1.983874217532989943e-09 2.532744638099489753e-09
1.358275953768210022e+19 -1.795221310025799116e-09 2.281810916022897795e-09
1.217857352579322266e+19 -1.612159447692481013e-09 2.048409411261215535e-09
5.517479057024336691e+19 -7.491749284925322883e-09 9.737800772421495903e-09
4.894591241441229210e+19 -6.595856170461064795e-09 8.526498183763445173e-09
4.217107681065977446e+19 -5.667295346404373500e-09 7.305530501784630854e-09
3.637234694713044582e+19 -4.891433473466771315e-09 6.300364648310433740e-09
3.228593817026384691e+19 -4.328155141441682269e-09 5.557185114315577290e-09
2.948997427030249062e+19 -3.920238285640912578e-09 5.004834679089289590e-09
2.688426826885921178e+19 -3.547450358891661667e-09 4.508976685382775650e-09
2.410898457525851341e+19 -3.185710582479123009e-09 4.047763281007634427e-09
8.636054176212005683e+19 -1.173331215493185363e-08 1.525099772440863376e-08
7.664911685515367219e+19 -1.033019585200828294e-08 1.335389892929918814e-08
6.604430703340675072e+19 -8.875916916221969208e-09 1.144166242909158553e-08
5.692847206962741248e+19 -7.660789646590123146e-09 9.867407416525916321e-09
5.060860100580943462e+19 -6.778602940974149936e-09 8.703466263389566762e-09
4.623266933989357978e+19 -6.139738225301095800e-09 7.838394555404835823e-09
4.214626056302697677e+19 -5.555890831437991981e-09 7.061799326125148385e-09
3.772896848438980608e+19 -4.989346926202861432e-09 6.339463035969557753e-09
1.207393168160827802e+20 -1.640387999308905882e-08 2.132181722156473281e-08
1.072061897736662712e+20 -1.444223874686046449e-08 1.866955816395339380e-08
9.238261785434451149e+19 -1.240906860100631733e-08 1.599613635983325120e-08
7.959397824091180237e+19 -1.071024716573834182e-08 1.379523236684441406e-08
7.069321742328333107e+19 -9.476897041877480650e-09 1.216797207132044002e-08
6.458842050561622016e+19 -8.583725315996021418e-09 1.095854956949434606e-08
5.883105105480821965e+19 -7.767471399221445087e-09 9.872822474208857368e-09
5.274279830222964326e+19 -6.975408758179927061e-09 8.862952857474723683e-09
1.577982466143871631e+20 -2.143615139591482243e-08 2.786278021965242715e-08
1.400298133093073060e+20 -1.887273134872804690e-08 2.439687909177723860e-08
1.206731401557286748e+20 -1.621583864360166211e-08 2.090332281390964978e-08
1.038973567559605289e+20 -1.399586458453951450e-08 1.802724061120389388e-08
9.231644119399040614e+19 -1.238415547968616819e-08 1.590078043451153759e-08
8.444141861185072333e+19 -1.121698236448758597e-08 1.432033941656992901e-08
7.681455850603896832e+19 -1.015032395884541925e-08 1.290154001040031978e-08
6.885681509845663744e+19 -9.115277474801845165e-09 1.158186954283373038e-08
1.972395361854397153e+20 -2.678434497567403857e-08 3.481438092085247605e-08
1.750703549668111811e+20 -2.358136675946854272e-08 3.048375797475657768e-08
1.507835206168509809e+20 -2.026159552220237284e-08 2.611857917535170720e-08
1.299709609354818355e+20 -1.748775048916563701e-08 2.252493110985899473e-08
1.153459189972224082e+20 -1.547392957826574753e-08 1.986793174702902222e-08
1.054855966044592865e+20 -1.401555375064652810e-08 1.789318008725034062e-08
9.605542250399789875e+19 -1.268277030478502780e-08 1.612039886985554781e-08
8.617855594614623437e+19 -1.138948580386149544e-08 1.447147826207843217e-08
2.385668605765844992e+20 -3.241491686613080302e-08 4.213301647364017366e-08
2.116329598124597248e+20 -2.853861245559742668e-08 3.689201427445248707e-08
1.827137592377114624e+20 -2.452096253069394081e-08 3.160919486805304689e-08
1.574011866522624983e+20 -2.116400347694150621e-08 2.726009420438886896e-08
1.397651066678908518e+20 -1.872683972451512838e-08 2.404454368634753590e-08
1.276547778230878044e+20 -1.696188577727798710e-08 2.165466208779796514e-08
1.161400389214718034e+20 -1.534892601746235868e-08 1.950920889689278696e-08
1.042613283879081574e+20 -1.378376911091150033e-08 1.751365436673840537e-08
2.823096330706545213e+20 -3.830202944493665351e-08 4.978510675410672896e-08
2.500815994782005330e+20 -3.372172131800240281e-08 4.359224754964285601e-08
2.157359127544148460e+20 -2.897439606363001737e-08 3.734997513879851350e-08
1.859895039252401684e+20 -2.500775511215810349e-08 3.221100216435891864e-08
1.650115025929857270e+20 -2.212795960512783990e-08 2.841145171727021646e-08
1.507173439564968755e+20 -2.004245973462478223e-08 2.558752550778334921e-08
1.373827468951426990e+20 -1.813655863323104851e-08 2.305242074420431388e-08
1.231216765888309330e+20 -1.628714164648673085e-08 2.069443903239524907e-08
2.792655066943652250e+19 -3.791271664411447090e-09 4.927907497366671165e-09
2.478315930261605990e+19 -3.337896332198355946e-09 4.314916262524300987e-09
2.135851712929061274e+19 -2.867989198515728090e-09 3.697033836578633899e-09
1.842606386734889165e+19 -2.475356840437591786e-09 3.188360029726170822e-09
1.634149906619426816e+19 -2.190304446044727899e-09 2.812266929972317597e-09
1.493938107494145843e+19 -1.983874217532989943e-09 2.532744638099489753e-09
1.358275953768210022e+19 -1.795221310025799116e-09 2.281810916022897795e-09
1.217857352579322266e+19 -1.612159447692481013e-09 2.048409411261215535e-09
5.517479057024336691e+19 -7.491749284925322883e-09 9.737800772421495903e-09
4.894591241441229210e+19 -6.595856170461064795e-09 8.526498183763445173e-09
4.217107681065977446e+19 -5.667295346404373500e-09 7.305530501784630854e-09
3.637234694713044582e+19 -4.891433473466771315e-09 6.300364648310433740e-09
3.228593817026384691e+19 -4.328155141441682269e-09 5.557185114315577290e-09
2.948997427030249062e+19 -3.920238285640912578e-09 5.004834679089289590e-09
2.688426826885921178e+19 -3.547450358891661667e-09 4.508976685382775650e-09
2.410898457525851341e+19 -3.185710582479123009e-09 4.047763281007634427e-09
8.636054176212005683e+19 -1.173331215493185363e-08 1.525099772440863376e-08
7.664911685515367219e+19 -1.033019585200828294e-08 1.335389892929918814e-08
6.604430703340675072e+19 -8.875916916221969208e-09 1.144166242909158553e-08
5.692847206962741248e+19 -7.660789646590123146e-09 9.867407416525916321e-09
5.060860100580943462e+19 -6.778602940974149936e-09 8.703466263389566762e-09
4.623266933989357978e+19 -6.139738225301095800e-09 7.838394555404835823e-09
4.214626056302697677e+19 -5.555890831437991981e-09 7.061799326125148385e-09
3.772896848438980608e+19 -4.989346926202861432e-09 6.339463035969557753e-09
1.207393168160827802e+20 -1.640387999308905882e-08 2.132181722156473281e-08
1.072061897736662712e+20 -1.444223874686046449e-08 1.866955816395339380e-08
9.238261785434451149e+19 -1.240906860100631733e-08 1.599613635983325120e-08
7.959397824091180237e+19 -1.071024716573834182e-08 1.379523236684441406e-08
7.069321742328333107e+19 -9.476897041877480650e-09 1.216797207132044002e-08
6.458842050561622016e+19 -8.583725315996021418e-09 1.095854956949434606e-08
5.883105105480821965e+19 -7.767471399221445087e-09 9.872822474208857368e-09
5.274279830222964326e+19 -6.975408758179927061e-09 8.862952857474723683e-09
1.577982466143871631e+20 -2.143615139591482243e-08 2.786278021965242715e-08
1.400298133093073060e+20 -1.887273134872804690e-08 2.439687909177723860e-08
1.206731401557286748e+20 -1.621583864360166211e-08 2.090332281390964978e-08
1.038973567559605289e+20 -1.399586458453951450e-08 1.802724061120389388e-08
9.231644119399040614e+19 -1.238415547968616819e-08 1.590078043451153759e-08
8.444141861185072333e+19 -1.121698236448758597e-08 1.432033941656992901e-08
7.681455850603896832e+19 -1.015032395884541925e-08 1.290154001040031978e-08
6.885681509845663744e+19 -9.115277474801845165e-09 1.158186954283373038e-08
1.972395361854397153e+20 -2.678434497567403857e-08 3.481438092085247605e-08
1.750703549668111811e+20 -2.358136675946854272e-08 3.048375797475657768e-08
1.507835206168509809e+20 -2.026159552220237284e-08 2.611857917535170720e-08
1.299709609354818355e+20 -1.748775048916563701e-08 2.252493110985899473e-08
1.153459189972224082e+20 -1.547392957826574753e-08 1.986793174702902222e-08
1.054855966044592865e+20 -1.401555375064652810e-08 1.789318008725034062e-08
9.605542250399789875e+19 -1.268277030478502780e-08 1.612039886985554781e-08
8.617855594614623437e+19 -1.138948580386149544e-08 1.447147826207843217e-08
2.385668605765844992e+20 -3.241491686613080302e-08 4.213301647364017366e-08
2.116329598124597248e+20 -2.853861245559742668e-08 3.689201427445248707e-08
1.827137592377114624e+20 -2.452096253069394081e-08 3.160919486805304689e-08
1.574011866522624983e+20 -2.116400347694150621e-08 2.726009420438886896e-08
1.397651066678908518e+20 -1.872683972451512838e-08 2.404454368634753590e-08
1.276547778230878044e+20 -1.696188577727798710e-08 2.165466208779796514e-08
1.161400389214718034e+20 -1.534892601746235868e-08 1.950920889689278696e-08
1.042613283879081574e+20 -1.378376911091150033e-08 1.751365436673840537e-08
2.823096330706545213e+20 -3.830202944493665351e-08 4.978510675410672896e-08
2.500815994782005330e+20 -3.372172131800240281e-08 4.359224754964285601e-08
2.157359127544148460e+20 -2.897439606363001737e-08 3.734997513879851350e-08
1.859895039252401684e+20 -2.500775511215810349e-08 3.221100216435891864e-08
1.650115025929857270e+20 -2.212795960512783990e-08 2.841145171727021646e-08
1.507173439564968755e+20 -2.004245973462478223e-08 2.558752550778334921e-08
1.373827468951426990e+20 -1.813655863323104851e-08 2.305242074420431388e-08
1.231216765888309330e+20 -1.628714164648673085e-08 2.069443903239524907e-08
2.792655066943652250e+19 -3.791271664411447090e-09 4.927907497366671165e-09
2.478315930261605990e+19 -3.337896332198355946e-09 4.314916262524300987e-09
2.135851712929061274e+19 -2.867989198515728090e-09 3.697033836578633899e-09
1.842606386734889165e+19 -2.475356840437591786e-09 3.188360029726170822e-09
1.634149906619426816e+19 -2.190304446044727899e-09 2.812266929972317597e-09
1.493938107494145843e+19 -1.983874217532989943e-09 2.532744638099489753e-09
1.358275953768210022e+19 -1.795221310025799116e-09 2.281810916022897795e-09
1.217857352579322266e+19 -1.612159447692481013e-09 2.048409411261215535e-09
5.517479057024336691e+19 -7.491749284925322883e-09 9.737800772421495903e-09
4.894591241441229210e+19 -6.595856170461064795e-09 8.526498183763445173e-09
4.217107681065977446e+19 -5.667295346404373500e-09 7.305530501784630854e-09
3.637234694713044582e+19 -4.891433473466771315e-09 6.300364648310433740e-09
3.228593817026384691e+19 -4.328155141441682269e-09 5.557185114315577290e-09
2.948997427030249062e+19 -3.920238285640912578e-09 5.004834679089289590e-09
2.688426826885921178e+19 -3.547450358891661667e-09 4.508976685382775650e-09
2.410898457525851341e+19 -3.185710582479123009e-09 4.047763281007634427e-09
8.636054176212005683e+19 -1.173331215493185363e-08 1.525099772440863376e-08
7.664911685515367219e+19 -1.033019585200828294e-08 1.335389892929918814e-08
6.604430703340675072e+19 -8.875916916221969208e-09 1.144166242909158553e-08
5.692847206962741248e+19 -7.660789646590123146e-09 9.867407416525916321e-09
5.060860100580943462e+19 -6.778602940974149936e-09 8.703466263389566762e-09
4.623266933989357978e+19 -6.139738225301095800e-09 7.838394555404835823e-09
4.214626056302697677e+19 -5.555890831437991981e-09 7.061799326125148385e-09
3.772896848438980608e+19 -4.989346926202861432e-09 6.339463035969557753e-09
1.207393168160827802e+20 -1.640387999308905882e-08 2.132181722156473281e-08
1.072061897736662712e+20 -1.444223874686046449e-08 1.866955816395339380e-08
9.238261785434451149e+19 -1.240906860100631733e-08 1.599613635983325120e-08
7.959397824091180237e+19 -1.071024716573834182e-08 1.379523236684441406e-08
7.069321742328333107e+19 -9.476897041877480650e-09 1.216797207132044002e-08
6.458842050561622016e+19 -8.583725315996021418e-09 1.095854956949434606e-08
5.883105105480821965e+19 -7.767471399221445087e-09 9.872822474208857368e-09
5.274279830222964326e+19 -6.975408758179927061e-09 8.862952857474723683e-09
1.577982466143871631e+20 -2.143615139591482243e-08 2.786278021965242715e-08
1.400298133093073060e+20 -1.887273134872804690e-08 2.439687909177723860e-08
1.206731401557286748e+20 -1.621583864360166211e-08 2.090332281390964978e-08
1.038973567559605289e+20 -1.399586458453951450e-08 1.802724061120389388e-08
9.231644119399040614e+19 -1.238415547968616819e-08 1.590078043451153759e-08
8.444141861185072333e+19 -1.121698236448758597e-08 1.432033941656992901e-08
7.681455850603896832e+19 -1.015032395884541925e-08 1.290154001040031978e-08
6.885681509845663744e+19 -9.115277474801845165e-09 1.158186954283373038e-08
1.972395361854397153e+20 -2.678434497567403857e-08 3.481438092085247605e-08
1.750703549668111811e+20 -2.358136675946854272e-08 3.048375797475657768e-08
1.507835206168509809e+20 -2.026159552220237284e-08 2.611857917535170720e-08
1.299709609354818355e+20 -1.748775048916563701e-08 2.252493110985899473e-08
1.153459189972224082e+20 -1.547392957826574753e-08 1.986793174702902222e-08
1.054855966044592865e+20 -1.401555375064652810e-08 1.789318008725034062e-08
9.605542250399789875e+19 -1.268277030478502780e-08 1.612039886985554781e-08
8.617855594614623437e+19 -1.138948580386149544e-08 1.447147826207843217e-08
2.385668605765844992e+20 -3.241491686613080302e-08 4.213301647364017366e-08
2.116329598124597248e+20 -2.853861245559742668e-08 3.689201427445248707e-08
1.827137592377114624e+20 -2.452096253069394081e-08 3.160919486805304689e-08
1.574011866522624983e+20 -2.116400347694150621e-08 2.726009420438886896e-08
1.397651066678908518e+20 -1.872683972451512838e-08 2.404454368634753590e-08
1.276547778230878044e+20 -1.696188577727798710e-08 2.165466208779796514e-08
1.161400389214718034e+20 -1.534892601746235868e-08 1.950920889689278696e-08
1.042613283879081574e+20 -1.378376911091150033e-08 1.751365436673840537e-08
2.823096330706545213e+20 -3.830202944493665351e-08 4.978510675410672896e-08
2.500815994782005330e+20 -3.372172131800240281e-08 4.359224754964285601e-08
2.157359127544148460e+20 -2.897439606363001737e-08 3.734997513879851350e-08
1.859895039252401684e+20 -2.500775511215810349e-08 3.221100216435891864e-08
1.650115025929857270e+20 -2.212795960512783990e-08 2.841145171727021646e-08
1.507173439564968755e+20 -2.004245973462478223e-08 2.558752550778334921e-08
1.373827468951426990e+20 -1.813655863323104851e-08 2.305242074420431388e-08
1.231216765888309330e+20 -1.628714164648673085e-08 2.069443903239524907e-08
2.792655066943652250e+19 -3.791271664411447090e-09 4.927907497366671165e-09
2.478315930261605990e+19 -3.337896332198355946e-09 4.314916262524300987e-09
2.135851712929061274e+19 -2.867989198515728090e-09 3.697033836578633899e-09
1.842606386734889165e+19 -2.475356840437591786e-09 3.188360029726170822e-09
1.634149906619426816e+19 -2.190304446044727899e-09 2.812266929972317597e-09
1.493938107494145843e+19 -1.983874217532989943e-09 2.532744638099489753e-09
1.358275953768210022e+19 -1.795221310025799116e-09 2.281810916022897795e-09
1.217857352579322266e+19 -1.612159447692481013e-09 2.048409411261215535e-09
5.517479057024336691e+19 -7.491749284925322883e-09 9.737800772421495903e-09
4.894591241441229210e+19 -6.595856170461064795e-09 8.526498183763445173e-09
4.217107681065977446e+19 -5.667295346404373500e-09 7.305530501784630854e-09
3.637234694713044582e+19 -4.891433473466771315e-09 6.300364648310433740e-09
3.228593817026384691e+19 -4.328155141441682269e-09 5.557185114315577290e-09
2.948997427030249062e+19 -3.920238285640912578e-09 5.004834679089289590e-09
2.688426826885921178e+19 -3.547450358891661667e-09 4.508976685382775650e-09
2.410898457525851341e+19 -3.185710582479123009e-09 4.047763281007634427e-09
8.636054176212005683e+19 -1.173331215493185363e-08 1.525099772440863376e-08
7.664911685515367219e+19 -1.033019585200828294e-08 1.335389892929918814e-08
6.604430703340675072e+19 -8.875916916221969208e-09 1.144166242909158553e-08
5.692847206962741248e+19 -7.660789646590123146e-09 9.867407416525916321e-09
5.060860100580943462e+19 -6.778602940974149936e-09 8.703466263389566762e-09
4.623266933989357978e+19 -6.139738225301095800e-09 7.838394555404835823e-09
4.214626056302697677e+19 -5.555890831437991981e-09 7.061799326125148385e-09
3.772896848438980608e+19 -4.989346926202861432e-09 6.339463035969557753e-09
1.207393168160827802e+20 -1.640387999308905882e-08 2.132181722156473281e-08
1.072061897736662712e+20 -1.444223874686046449e-08 1.866955816395339380e-08
9.238261785434451149e+19 -1.240906860100631733e-08 1.599613635983325120e-08
7.959397824091180237e+19 -1.071024716573834182e-08 1.379523236684441406e-08
7.069321742328333107e+19 -9.476897041877480650e-09 1.216797207132044002e-08
6.458842050561622016e+19 -8.583725315996021418e-09 1.095854956949434606e-08
5.883105105480821965e+19 -7.767471399221445087e-09 9.872822474208857368e-09
5.274279830222964326e+19 -6.975408758179927061e-09 8.862952857474723683e-09
1.577982466143871631e+20 -2.143615139591482243e-08 2.786278021965242715e-08
1.400298133093073060e+20 -1.887273134872804690e-08 2.439687909177723860e-08
1.206731401557286748e+20 -1.621583864360166211e-08 2.090332281390964978e-08
1.038973567559605289e+20 -1.399586458453951450e-08 1.802724061120389388e-08
9.231644119399040614e+19 -1.238415547968616819e-08 1.590078043451153759e-08
8.444141861185072333e+19 -1.121698236448758597e-08 1.432033941656992901e-08
7.681455850603896832e+19 -1.015032395884541925e-08 1.290154001040031978e-08
6.885681509845663744e+19 -9.115277474801845165e-09 1.158186954283373038e-08
1.972395361854397153e+20 -2.678434497567403857e-08 3.481438092085247605e-08
1.750703549668111811e+20 -2.358136675946854272e-08 3.048375797475657768e-08
1.507835206168509809e+20 -2.026159552220237284e-08 2.611857917535170720e-08
1.299709609354818355e+20 -1.748775048916563701e-08 2.252493110985899473e-08
1.153459189972224082e+20 -1.547392957826574753e-08 1.986793174702902222e-08
1.054855966044592865e+20 -1.401555375064652810e-08 1.789318008725034062e-08
9.605542250399789875e+19 -1.268277030478502780e-08 1.612039886985554781e-08
8.617855594614623437e+19 -1.138948580386149544e-08 1.447147826207843217e-08
2.385668605765844992e+20 -3.241491686613080302e-08 4.213301647364017366e-08
2.116329598124597248e+20 -2.853861245559742668e-08 3.689201427445248707e-08
1.827137592377114624e+20 -2.452096253069394081e-08 3.160919486805304689e-08
1.574011866522624983e+20 -2.116400347694150621e-08 2.726009420438886896e-08
1.397651066678908518e+20 -1.872683972451512838e-08 2.404454368634753590e-08
1.276547778230878044e+20 -1.696188577727798710e-08 2.165466208779796514e-08
1.161400389214718034e+20 -1.534892601746235868e-08 1.950920889689278696e-08
1.042613283879081574e+20 -1.378376911091150033e-08 1.751365436673840537e-08
2.823096330706545213e+20 -3.830202944493665351e-08 4.978510675410672896e-08
2.500815994782005330e+20 -3.372172131800240281e-08 4.359224754964285601e-08
2.157359127544148460e+20 -2.897439606363001737e-08 3.734997513879851350e-08
1.859895039252401684e+20 -2.500775511215810349e-08 3.221100216435891864e-08
1.650115025929857270e+20 -2.212795960512783990e-08 2.841145171727021646e-08
1.507173439564968755e+20 -2.004245973462478223e-08 2.558752550778334921e-08
1.373827468951426990e+20 -1.813655863323104851e-08 2.305242074420431388e-08
1.231216765888309330e+20 -1.628714164648673085e-08 2.069443903239524907e-08
2.792655066943652250e+19 -3.791271664411447090e-09 4.927907497366671165e-09
2.478315930261605990e+19 -3.337896332198355946e-09 4.314916262524300987e-09
2.135851712929061274e+19 -2.867989198515728090e-09 3.697033836578633899e-09
1.842606386734889165e+19 -2.475356840437591786e-09 3.188360029726170822e-09
1.634149906619426816e+19 -2.190304446044727899e-09 2.812266929972317597e-09
1.493938107494145843e+19 -1.983874217532989943e-09 2.532744638099489753e-09
1.358275953768210022e+19 -1.795221310025799116e-09 2.281810916022897795e-09
1.217857352579322266e+19 -1.612159447692481013e-09 2.048409411261215535e-09
5.517479057024336691e+19 -7.491749284925322883e-09 9.737800772421495903e-09
4.894591241441229210e+19 -6.595856170461064795e-09 8.526498183763445173e-09
4.217107681065977446e+19 -5.667295346404373500e-09 7.305530501784630854e-09
3.637234694713044582e+19 -4.891433473466771315e-09 6.300364648310433740e-09
3.228593817026384691e+19 -4.328155141441682269e-09 5.557185114315577290e-09
2.948997427030249062e+19 -3.920238285640912578e-09 5.004834679089289590e-09
2.688426826885921178e+19 -3.547450358891661667e-09 4.508976685382775650e-09
2.410898457525851341e+19 -3.185710582479123009e-09 4.047763281007634427e-09
8.636054176212005683e+19 -1.173331215493185363e-08 1.525099772440863376e-08
7.664911685515367219e+19 -1.033019585200828294e-08 1.335389892929918814e-08
6.604430703340675072e+19 -8.875916916221969208e-09 1.144166242909158553e-08
5.692847206962741248e+19 -7.660789646590123146e-09 9.867407416525916321e-09
5.060860100580943462e+19 -6.778602940974149936e-09 8.703466263389566762e-09
4.623266933989357978e+19 -6.139738225301095800e-09 7.838394555404835823e-09
4.214626056302697677e+19 -5.555890831437991981e-09 7.061799326125148385e-09
3.772896848438980608e+19 -4.989346926202861432e-09 6.339463035969557753e-09
1.207393168160827802e+20 -1.640387999308905882e-08 2.132181722156473281e-08
1.072061897736662712e+20 -1.444223874686046449e-08 1.866955816395339380e-08
9.238261785434451149e+19 -1.240906860100631733e-08 1.599613635983325120e-08
7.959397824091180237e+19 -1.071024716573834182e-08 1.379523236684441406e-08
7.069321742328333107e+19 -9.476897041877480650e-09 1.216797207132044002e-08
6.458842050561622016e+19 -8.583725315996021418e-09 1.095854956949434606e-08
5.883105105480821965e+19 -7.767471399221445087e-09 9.872822474208857368e-09
5.274279830222964326e+19 -6.975408758179927061e-09 8.862952857474723683e-09
1.577982466143871631e+20 -2.143615139591482243e-08 2.786278021965242715e-08
1.400298133093073060e+20 -1.887273134872804690e-08 2.439687909177723860e-08
1.206731401557286748e+20 -1.621583864360166211e-08 2.090332281390964978e-08
1.038973567559605289e+20 -1.399586458453951450e-08 1.802724061120389388e-08
9.231644119399040614e+19 -1.238415547968616819e-08 1.590078043451153759e-08
8.444141861185072333e+19 -1.121698236448758597e-08 1.432033941656992901e-08
7.681455850603896832e+19 -1.015032395884541925e-08 1.290154001040031978e-08
6.885681509845663744e+19 -9.115277474801845165e-09 1.158186954283373038e-08
1.972395361854397153e+20 -2.678434497567403857e-08 3.481438092085247605e-08
1.750703549668111811e+20 -2.358136675946854272e-08 3.048375797475657768e-08
1.507835206168509809e+20 -2.026159552220237284e-08 2.611857917535170720e-08
1.299709609354818355e+20 -1.748775048916563701e-08 2.252493110985899473e-08
1.153459189972224082e+20 -1.547392957826574753e-08 1.986793174702902222e-08
1.054855966044592865e+20 -1.401555375064652810e-08 1.789318008725034062e-08
9.605542250399789875e+19 -1.268277030478502780e-08 1.612039886985554781e-08
8.617855594614623437e+19 -1.138948580386149544e-08 1.447147826207843217e-08
2.385668605765844992e+20 -3.241491686613080302e-08 4.213301647364017366e-08
2.116329598124597248e+20 -2.853861245559742668e-08 3.689201427445248707e-08
1.827137592377114624e+20 -2.452096253069394081e-08 3.160919486805304689e-08
1.574011866522624983e+20 -2.116400347694150621e-08 2.726009420438886896e-08
1.397651066678908518e+20 -1.872683972451512838e-08 2.404454368634753590e-08
1.276547778230878044e+20 -1.696188577727798710e-08 2.165466208779796514e-08
1.161400389214718034e+20 -1.534892601746235868e-08 1.950920889689278696e-08
1.042613283879081574e+20 -1.378376911091150033e-08 1.751365436673840537e-08
2.823096330706545213e+20 -3.830202944493665351e-08 4.978510675410672896e-08
2.500815994782005330e+20 -3.372172131800240281e-08 4.359224754964285601e-08
2.157359127544148460e+20 -2.897439606363001737e-08 3.734997513879851350e-08
1.859895039252401684e+20 -2.500775511215810349e-08 3.221100216435891864e-08
1.650115025929857270e+20 -2.212795960512783990e-08 2.841145171727021646e-08
1.507173439564968755e+20 -2.004245973462478223e-08 2.558752550778334921e-08
1.373827468951426990e+20 -1.813655863323104851e-08 2.305242074420431388e-08
1.231216765888309330e+20 -1.628714164648673085e-08 2.069443903239524907e-08
