3.383695364731341619e+19 -4.588272262129322598e-09 3.650467705895721338e-09
2.987049006733864960e+19 -3.949983048978644717e-09 3.119450031618953290e-09
2.596399908580979917e+19 -3.363212666696036024e-09 2.622886741132646193e-09
2.293228083333690982e+19 -2.910039959003185572e-09 2.227626916262437362e-09
2.050649262723137946e+19 -2.540060550781930715e-09 1.928144380269891656e-09
1.850878469279153357e+19 -2.234239682152860951e-09 1.700225238376873449e-09
1.676957933785995059e+19 -1.979916702810058382e-09 1.502308236145388776e-09
1.534057707833827942e+19 -1.779084865538571592e-09 1.326975973547916965e-09
6.683842695765612954e+19 -9.066663864132351591e-09 7.213513175674535205e-09
5.900062874696563917e+19 -7.805371488034396066e-09 6.164194737978689886e-09
5.136136051733748941e+19 -6.645882427713800666e-09 5.182960172156469980e-09
4.529792401239170253e+19 -5.750389886483020518e-09 4.401906172901703940e-09
4.054974863198395597e+19 -5.019291093866229403e-09 3.810113363700295963e-09
3.659155713455345254e+19 -4.414973331368088338e-09 3.359733241614648591e-09
3.314209871359521178e+19 -3.912418028440001194e-09 2.968638945777257732e-09
3.031511450409286042e+19 -3.515564006573157485e-09 2.622173256305870837e-09
1.047328370929312236e+20 -1.419988704398633672e-08 1.129754878537170271e-08
9.249015492741994906e+19 -1.222449574900252856e-08 9.654143373616363988e-09
8.039637024770544435e+19 -1.040854546996428098e-08 8.117368333060426266e-09
7.093310781706699571e+19 -9.006056622684610602e-09 6.894109283450688963e-09
6.347168936214053683e+19 -7.861035877798627780e-09 5.967264238293523704e-09
5.732553203175210189e+19 -6.914574440797238708e-09 5.261895058561449900e-09
5.194454233670813286e+19 -6.127490209673069899e-09 4.649377161047851814e-09
4.749416192789389312e+19 -5.505951500284211875e-09 4.106754741828311239e-09
1.463496843731252838e+20 -1.985230091428036303e-08 1.579465658263501382e-08
1.292099293414095094e+20 -1.709058450316547351e-08 1.349707601239202859e-08
1.124010576114642944e+20 -1.455177572884380766e-08 1.134857191553706457e-08
9.917399762318557184e+19 -1.259101178874288962e-08 9.638381759380365565e-09
8.875117361741245645e+19 -1.099020319195176398e-08 8.342596335975116517e-09
8.009030319356765798e+19 -9.666993427970282937e-09 7.356447229156515277e-09
7.257925224337561190e+19 -8.566601872317392008e-09 6.500110283358395691e-09
6.634210200500027392e+19 -7.697653237048740493e-09 5.741491337918347426e-09
1.912670925884808233e+20 -2.594245607223655270e-08 2.064003468138508879e-08
1.689324697189670257e+20 -2.233351814595607721e-08 1.763761858786239145e-08
1.469287301512237875e+20 -1.901587165509255328e-08 1.483000977575699153e-08
1.295904451384456643e+20 -1.645359781754507367e-08 1.259517934393272753e-08
1.159911414356750336e+20 -1.436170354862653653e-08 1.090188184171836383e-08
1.046997487627541709e+20 -1.263256838024418016e-08 9.613208673542317229e-09
9.480633803981398016e+19 -1.119460640852665279e-08 8.494169867478973401e-09
8.674105755915621171e+19 -1.005908756290807560e-08 7.502827303884629373e-09
2.389639205387091968e+20 -3.241494661576638237e-08 2.578960156540688331e-08
2.110704581994497311e+20 -2.790560027499111584e-08 2.203810101075731609e-08
1.834417025016067195e+20 -2.376021990269094886e-08 1.853001074803017900e-08
1.618681112261652644e+20 -2.055867343031536620e-08 1.573760255446643441e-08
1.449765186707774013e+20 -1.794486437223241637e-08 1.362183765785118794e-08
1.307981691899082670e+20 -1.578431985116424130e-08 1.201164812059118958e-08
1.185058545291314135e+20 -1.398759486015421771e-08 1.061341603492138574e-08
1.083477371647747523e+20 -1.256877057986827140e-08 9.374738652034864117e-09
2.892912707380136509e+20 -3.922917568566219870e-08 3.121106062486944666e-08
2.554419089668838195e+20 -3.377188106945538948e-08 2.667092258157310880e-08
2.221219604785869292e+20 -2.875506344146572246e-08 2.242536623064950163e-08
1.960814446292427080e+20 -2.488049188897889508e-08 1.904594171264761826e-08
1.753185174431391089e+20 -2.171721191768227754e-08 1.648540259857611545e-08
1.582614832368659988e+20 -1.910248037528816667e-08 1.453672160423025161e-08
1.434544554826327491e+20 -1.692804907360567768e-08 1.284455519723337602e-08
1.311952291520329482e+20 -1.521096182344194858e-08 1.134548466286133817e-08
3.417693623988268564e+20 -4.635387651497069328e-08 3.687953187281323153e-08
3.019641011958266593e+20 -3.990544117371541688e-08 3.151482630414648156e-08
2.624566349644200346e+20 -3.397748371547493207e-08 2.649820318723072887e-08
2.316017670743139287e+20 -2.939922316702592298e-08 2.250501651701597439e-08
2.071825794036454851e+20 -2.566143531002040845e-08 1.947943895075354703e-08
1.870814188210830705e+20 -2.257182307729976856e-08 1.717684361413063243e-08
1.694949713319769866e+20 -2.000247767419693901e-08 1.517735015443832935e-08
1.550022827144258191e+20 -1.797353732513329305e-08 1.340602240329502592e-08
3.383695364731341619e+19 -4.588272262129322598e-09 3.650467705895721338e-09
2.987049006733864960e+19 -3.949983048978644717e-09 3.119450031618953290e-09
2.596399908580979917e+19 -3.363212666696036024e-09 2.622886741132646193e-09
2.293228083333690982e+19 -2.910039959003185572e-09 2.227626916262437362e-09
2.050649262723137946e+19 -2.540060550781930715e-09 1.928144380269891656e-09
1.850878469279153357e+19 -2.234239682152860951e-09 1.700225238376873449e-09
1.676957933785995059e+19 -1.979916702810058382e-09 1.502308236145388776e-09
1.534057707833827942e+19 -1.779084865538571592e-09 1.326975973547916965e-09
6.683842695765612954e+19 -9.066663864132351591e-09 7.213513175674535205e-09
5.900062874696563917e+19 -7.805371488034396066e-09 6.164194737978689886e-09
5.136136051733748941e+19 -6.645882427713800666e-09 5.182960172156469980e-09
4.529792401239170253e+19 -5.750389886483020518e-09 4.401906172901703940e-09
4.054974863198395597e+19 -5.019291093866229403e-09 3.810113363700295963e-09
3.659155713455345254e+19 -4.414973331368088338e-09 3.359733241614648591e-09
3.314209871359521178e+19 -3.912418028440001194e-09 2.968638945777257732e-09
3.031511450409286042e+19 -3.515564006573157485e-09 2.622173256305870837e-09
1.047328370929312236e+20 -1.419988704398633672e-08 1.129754878537170271e-08
9.249015492741994906e+19 -1.222449574900252856e-08 9.654143373616363988e-09
8.039637024770544435e+19 -1.040854546996428098e-08 8.117368333060426266e-09
7.093310781706699571e+19 -9.006056622684610602e-09 6.894109283450688963e-09
6.347168936214053683e+19 -7.861035877798627780e-09 5.967264238293523704e-09
5.732553203175210189e+19 -6.914574440797238708e-09 5.261895058561449900e-09
5.194454233670813286e+19 -6.127490209673069899e-09 4.649377161047851814e-09
4.749416192789389312e+19 -5.505951500284211875e-09 4.106754741828311239e-09
1.463496843731252838e+20 -1.985230091428036303e-08 1.579465658263501382e-08
1.292099293414095094e+20 -1.709058450316547351e-08 1.349707601239202859e-08
1.124010576114642944e+20 -1.455177572884380766e-08 1.134857191553706457e-08
9.917399762318557184e+19 -1.259101178874288962e-08 9.638381759380365565e-09
8.875117361741245645e+19 -1.099020319195176398e-08 8.342596335975116517e-09
8.009030319356765798e+19 -9.666993427970282937e-09 7.356447229156515277e-09
7.257925224337561190e+19 -8.566601872317392008e-09 6.500110283358395691e-09
6.634210200500027392e+19 -7.697653237048740493e-09 5.741491337918347426e-09
1.912670925884808233e+20 -2.594245607223655270e-08 2.064003468138508879e-08
1.689324697189670257e+20 -2.233351814595607721e-08 1.763761858786239145e-08
1.469287301512237875e+20 -1.901587165509255328e-08 1.483000977575699153e-08
1.295904451384456643e+20 -1.645359781754507367e-08 1.259517934393272753e-08
1.159911414356750336e+20 -1.436170354862653653e-08 1.090188184171836383e-08
1.046997487627541709e+20 -1.263256838024418016e-08 9.613208673542317229e-09
9.480633803981398016e+19 -1.119460640852665279e-08 8.494169867478973401e-09
8.674105755915621171e+19 -1.005908756290807560e-08 7.502827303884629373e-09
2.389639205387091968e+20 -3.241494661576638237e-08 2.578960156540688331e-08
2.110704581994497311e+20 -2.790560027499111584e-08 2.203810101075731609e-08
1.834417025016067195e+20 -2.376021990269094886e-08 1.853001074803017900e-08
1.618681112261652644e+20 -2.055867343031536620e-08 1.573760255446643441e-08
1.449765186707774013e+20 -1.794486437223241637e-08 1.362183765785118794e-08
1.307981691899082670e+20 -1.578431985116424130e-08 1.201164812059118958e-08
1.185058545291314135e+20 -1.398759486015421771e-08 1.061341603492138574e-08
1.083477371647747523e+20 -1.256877057986827140e-08 9.374738652034864117e-09
2.892912707380136509e+20 -3.922917568566219870e-08 3.121106062486944666e-08
2.554419089668838195e+20 -3.377188106945538948e-08 2.667092258157310880e-08
2.221219604785869292e+20 -2.875506344146572246e-08 2.242536623064950163e-08
1.960814446292427080e+20 -2.488049188897889508e-08 1.904594171264761826e-08
1.753185174431391089e+20 -2.171721191768227754e-08 1.648540259857611545e-08
1.582614832368659988e+20 -1.910248037528816667e-08 1.453672160423025161e-08
1.434544554826327491e+20 -1.692804907360567768e-08 1.284455519723337602e-08
1.311952291520329482e+20 -1.521096182344194858e-08 1.134548466286133817e-08
3.417693623988268564e+20 -4.635387651497069328e-08 3.687953187281323153e-08
3.019641011958266593e+20 -3.990544117371541688e-08 3.151482630414648156e-08
2.624566349644200346e+20 -3.397748371547493207e-08 2.649820318723072887e-08
2.316017670743139287e+20 -2.939922316702592298e-08 2.250501651701597439e-08
2.071825794036454851e+20 -2.566143531002040845e-08 1.947943895075354703e-08
1.870814188210830705e+20 -2.257182307729976856e-08 1.717684361413063243e-08
1.694949713319769866e+20 -2.000247767419693901e-08 1.517735015443832935e-08
1.550022827144258191e+20 -1.797353732513329305e-08 1.340602240329502592e-08
3.383695364731341619e+19 -4.588272262129322598e-09 3.650467705895721338e-09
2.987049006733864960e+19 -3.949983048978644717e-09 3.119450031618953290e-09
2.596399908580979917e+19 -3.363212666696036024e-09 2.622886741132646193e-09
2.293228083333690982e+19 -2.910039959003185572e-09 2.227626916262437362e-09
2.050649262723137946e+19 -2.540060550781930715e-09 1.928144380269891656e-09
1.850878469279153357e+19 -2.234239682152860951e-09 1.700225238376873449e-09
1.676957933785995059e+19 -1.979916702810058382e-09 1.502308236145388776e-09
1.534057707833827942e+19 -1.779084865538571592e-09 1.326975973547916965e-09
6.683842695765612954e+19 -9.066663864132351591e-09 7.213513175674535205e-09
5.900062874696563917e+19 -7.805371488034396066e-09 6.164194737978689886e-09
5.136136051733748941e+19 -6.645882427713800666e-09 5.182960172156469980e-09
4.529792401239170253e+19 -5.750389886483020518e-09 4.401906172901703940e-09
4.054974863198395597e+19 -5.019291093866229403e-09 3.810113363700295963e-09
3.659155713455345254e+19 -4.414973331368088338e-09 3.359733241614648591e-09
3.314209871359521178e+19 -3.912418028440001194e-09 2.968638945777257732e-09
3.031511450409286042e+19 -3.515564006573157485e-09 2.622173256305870837e-09
1.047328370929312236e+20 -1.419988704398633672e-08 1.129754878537170271e-08
9.249015492741994906e+19 -1.222449574900252856e-08 9.654143373616363988e-09
8.039637024770544435e+19 -1.040854546996428098e-08 8.117368333060426266e-09
7.093310781706699571e+19 -9.006056622684610602e-09 6.894109283450688963e-09
6.347168936214053683e+19 -7.861035877798627780e-09 5.967264238293523704e-09
5.732553203175210189e+19 -6.914574440797238708e-09 5.261895058561449900e-09
5.194454233670813286e+19 -6.127490209673069899e-09 4.649377161047851814e-09
4.749416192789389312e+19 -5.505951500284211875e-09 4.106754741828311239e-09
1.463496843731252838e+20 -1.985230091428036303e-08 1.579465658263501382e-08
1.292099293414095094e+20 -1.709058450316547351e-08 1.349707601239202859e-08
1.124010576114642944e+20 -1.455177572884380766e-08 1.134857191553706457e-08
9.917399762318557184e+19 -1.259101178874288962e-08 9.638381759380365565e-09
8.875117361741245645e+19 -1.099020319195176398e-08 8.342596335975116517e-09
8.009030319356765798e+19 -9.666993427970282937e-09 7.356447229156515277e-09
7.257925224337561190e+19 -8.566601872317392008e-09 6.500110283358395691e-09
6.634210200500027392e+19 -7.697653237048740493e-09 5.741491337918347426e-09
1.912670925884808233e+20 -2.594245607223655270e-08 2.064003468138508879e-08
1.689324697189670257e+20 -2.233351814595607721e-08 1.763761858786239145e-08
1.469287301512237875e+20 -1.901587165509255328e-08 1.483000977575699153e-08
1.295904451384456643e+20 -1.645359781754507367e-08 1.259517934393272753e-08
1.159911414356750336e+20 -1.436170354862653653e-08 1.090188184171836383e-08
1.046997487627541709e+20 -1.263256838024418016e-08 9.613208673542317229e-09
9.480633803981398016e+19 -1.119460640852665279e-08 8.494169867478973401e-09
8.674105755915621171e+19 -1.005908756290807560e-08 7.502827303884629373e-09
2.389639205387091968e+20 -3.241494661576638237e-08 2.578960156540688331e-08
2.110704581994497311e+20 -2.790560027499111584e-08 2.203810101075731609e-08
1.834417025016067195e+20 -2.376021990269094886e-08 1.853001074803017900e-08
1.618681112261652644e+20 -2.055867343031536620e-08 1.573760255446643441e-08
1.449765186707774013e+20 -1.794486437223241637e-08 1.362183765785118794e-08
1.307981691899082670e+20 -1.578431985116424130e-08 1.201164812059118958e-08
1.185058545291314135e+20 -1.398759486015421771e-08 1.061341603492138574e-08
1.083477371647747523e+20 -1.256877057986827140e-08 9.374738652034864117e-09
2.892912707380136509e+20 -3.922917568566219870e-08 3.121106062486944666e-08
2.554419089668838195e+20 -3.377188106945538948e-08 2.667092258157310880e-08
2.221219604785869292e+20 -2.875506344146572246e-08 2.242536623064950163e-08
1.960814446292427080e+20 -2.488049188897889508e-08 1.904594171264761826e-08
1.753185174431391089e+20 -2.171721191768227754e-08 1.648540259857611545e-08
1.582614832368659988e+20 -1.910248037528816667e-08 1.453672160423025161e-08
1.434544554826327491e+20 -1.692804907360567768e-08 1.284455519723337602e-08
1.311952291520329482e+20 -1.521096182344194858e-08 1.134548466286133817e-08
3.417693623988268564e+20 -4.635387651497069328e-08 3.687953187281323153e-08
3.019641011958266593e+20 -3.990544117371541688e-08 3.151482630414648156e-08
2.624566349644200346e+20 -3.397748371547493207e-08 2.649820318723072887e-08
2.316017670743139287e+20 -2.939922316702592298e-08 2.250501651701597439e-08
2.071825794036454851e+20 -2.566143531002040845e-08 1.947943895075354703e-08
1.870814188210830705e+20 -2.257182307729976856e-08 1.717684361413063243e-08
1.694949713319769866e+20 -2.000247767419693901e-08 1.517735015443832935e-08
1.550022827144258191e+20 -1.797353732513329305e-08 1.340602240329502592e-08
3.383695364731341619e+19 -4.588272262129322598e-09 3.650467705895721338e-09
2.987049006733864960e+19 -3.949983048978644717e-09 3.119450031618953290e-09
2.596399908580979917e+19 -3.363212666696036024e-09 2.622886741132646193e-09
2.293228083333690982e+19 -2.910039959003185572e-09 2.227626916262437362e-09
2.050649262723137946e+19 -2.540060550781930715e-09 1.928144380269891656e-09
1.850878469279153357e+19 -2.234239682152860951e-09 1.700225238376873449e-09
1.676957933785995059e+19 -1.979916702810058382e-09 1.502308236145388776e-09
1.534057707833827942e+19 -1.779084865538571592e-09 1.326975973547916965e-09
6.683842695765612954e+19 -9.066663864132351591e-09 7.213513175674535205e-09
5.900062874696563917e+19 -7.805371488034396066e-09 6.164194737978689886e-09
5.136136051733748941e+19 -6.645882427713800666e-09 5.182960172156469980e-09
4.529792401239170253e+19 -5.750389886483020518e-09 4.401906172901703940e-09
4.054974863198395597e+19 -5.019291093866229403e-09 3.810113363700295963e-09
3.659155713455345254e+19 -4.414973331368088338e-09 3.359733241614648591e-09
3.314209871359521178e+19 -3.912418028440001194e-09 2.968638945777257732e-09
3.031511450409286042e+19 -3.515564006573157485e-09 2.622173256305870837e-09
1.047328370929312236e+20 -1.419988704398633672e-08 1.129754878537170271e-08
9.249015492741994906e+19 -1.222449574900252856e-08 9.654143373616363988e-09
8.039637024770544435e+19 -1.040854546996428098e-08 8.117368333060426266e-09
7.093310781706699571e+19 -9.006056622684610602e-09 6.894109283450688963e-09
6.347168936214053683e+19 -7.861035877798627780e-09 5.967264238293523704e-09
5.732553203175210189e+19 -6.914574440797238708e-09 5.261895058561449900e-09
5.194454233670813286e+19 -6.127490209673069899e-09 4.649377161047851814e-09
4.749416192789389312e+19 -5.505951500284211875e-09 4.106754741828311239e-09
1.463496843731252838e+20 -1.985230091428036303e-08 1.579465658263501382e-08
1.292099293414095094e+20 -1.709058450316547351e-08 1.349707601239202859e-08
1.124010576114642944e+20 -1.455177572884380766e-08 1.134857191553706457e-08
9.917399762318557184e+19 -1.259101178874288962e-08 9.638381759380365565e-09
8.875117361741245645e+19 -1.099020319195176398e-08 8.342596335975116517e-09
8.009030319356765798e+19 -9.666993427970282937e-09 7.356447229156515277e-09
7.257925224337561190e+19 -8.566601872317392008e-09 6.500110283358395691e-09
6.634210200500027392e+19 -7.697653237048740493e-09 5.741491337918347426e-09
1.912670925884808233e+20 -2.594245607223655270e-08 2.064003468138508879e-08
1.689324697189670257e+20 -2.233351814595607721e-08 1.763761858786239145e-08
1.469287301512237875e+20 -1.901587165509255328e-08 1.483000977575699153e-08
1.295904451384456643e+20 -1.645359781754507367e-08 1.259517934393272753e-08
1.159911414356750336e+20 -1.436170354862653653e-08 1.090188184171836383e-08
1.046997487627541709e+20 -1.263256838024418016e-08 9.613208673542317229e-09
9.480633803981398016e+19 -1.119460640852665279e-08 8.494169867478973401e-09
8.674105755915621171e+19 -1.005908756290807560e-08 7.502827303884629373e-09
2.389639205387091968e+20 -3.241494661576638237e-08 2.578960156540688331e-08
2.110704581994497311e+20 -2.790560027499111584e-08 2.203810101075731609e-08
1.834417025016067195e+20 -2.376021990269094886e-08 1.853001074803017900e-08
1.618681112261652644e+20 -2.055867343031536620e-08 1.573760255446643441e-08
1.449765186707774013e+20 -1.794486437223241637e-08 1.362183765785118794e-08
1.307981691899082670e+20 -1.578431985116424130e-08 1.201164812059118958e-08
1.185058545291314135e+20 -1.398759486015421771e-08 1.061341603492138574e-08
1.083477371647747523e+20 -1.256877057986827140e-08 9.374738652034864117e-09
2.892912707380136509e+20 -3.922917568566219870e-08 3.121106062486944666e-08
2.554419089668838195e+20 -3.377188106945538948e-08 2.667092258157310880e-08
2.221219604785869292e+20 -2.875506344146572246e-08 2.242536623064950163e-08
1.960814446292427080e+20 -2.488049188897889508e-08 1.904594171264761826e-08
1.753185174431391089e+20 -2.171721191768227754e-08 1.648540259857611545e-08
1.582614832368659988e+20 -1.910248037528816667e-08 1.453672160423025161e-08
1.434544554826327491e+20 -1.692804907360567768e-08 1.284455519723337602e-08
1.311952291520329482e+20 -1.521096182344194858e-08 1.134548466286133817e-08
3.417693623988268564e+20 -4.635387651497069328e-08 3.687953187281323153e-08
3.019641011958266593e+20 -3.990544117371541688e-08 3.151482630414648156e-08
2.624566349644200346e+20 -3.397748371547493207e-08 2.649820318723072887e-08
2.316017670743139287e+20 -2.939922316702592298e-08 2.250501651701597439e-08
2.071825794036454851e+20 -2.566143531002040845e-08 1.947943895075354703e-08
1.870814188210830705e+20 -2.257182307729976856e-08 1.717684361413063243e-08
1.694949713319769866e+20 -2.000247767419693901e-08 1.517735015443832935e-08
1.550022827144258191e+20 -1.797353732513329305e-08 1.340602240329502592e-08
3.383695364731341619e+19 -4.588272262129322598e-09 3.650467705895721338e-09
2.987049006733864960e+19 -3.949983048978644717e-09 3.119450031618953290e-09
2.596399908580979917e+19 -3.363212666696036024e-09 2.622886741132646193e-09
2.293228083333690982e+19 -2.910039959003185572e-09 2.227626916262437362e-09
2.050649262723137946e+19 -2.540060550781930715e-09 1.928144380269891656e-09
1.850878469279153357e+19 -2.234239682152860951e-09 1.700225238376873449e-09
1.676957933785995059e+19 -1.979916702810058382e-09 1.502308236145388776e-09
1.534057707833827942e+19 -1.779084865538571592e-09 1.326975973547916965e-09
6.683842695765612954e+19 -9.066663864132351591e-09 7.213513175674535205e-09
5.900062874696563917e+19 -7.805371488034396066e-09 6.164194737978689886e-09
5.136136051733748941e+19 -6.645882427713800666e-09 5.182960172156469980e-09
4.529792401239170253e+19 -5.750389886483020518e-09 4.401906172901703940e-09
4.054974863198395597e+19 -5.019291093866229403e-09 3.810113363700295963e-09
3.659155713455345254e+19 -4.414973331368088338e-09 3.359733241614648591e-09
3.314209871359521178e+19 -3.912418028440001194e-09 2.968638945777257732e-09
3.031511450409286042e+19 -3.515564006573157485e-09 2.622173256305870837e-09
1.047328370929312236e+20 -1.419988704398633672e-08 1.129754878537170271e-08
9.249015492741994906e+19 -1.222449574900252856e-08 9.654143373616363988e-09
8.039637024770544435e+19 -1.040854546996428098e-08 8.117368333060426266e-09
7.093310781706699571e+19 -9.006056622684610602e-09 6.894109283450688963e-09
6.347168936214053683e+19 -7.861035877798627780e-09 5.967264238293523704e-09
5.732553203175210189e+19 -6.914574440797238708e-09 5.261895058561449900e-09
5.194454233670813286e+19 -6.127490209673069899e-09 4.649377161047851814e-09
4.749416192789389312e+19 -5.505951500284211875e-09 4.106754741828311239e-09
1.463496843731252838e+20 -1.985230091428036303e-08 1.579465658263501382e-08
1.292099293414095094e+20 -1.709058450316547351e-08 1.349707601239202859e-08
1.124010576114642944e+20 -1.455177572884380766e-08 1.134857191553706457e-08
9.917399762318557184e+19 -1.259101178874288962e-08 9.638381759380365565e-09
8.875117361741245645e+19 -1.099020319195176398e-08 8.342596335975116517e-09
8.009030319356765798e+19 -9.666993427970282937e-09 7.356447229156515277e-09
7.257925224337561190e+19 -8.566601872317392008e-09 6.500110283358395691e-09
6.634210200500027392e+19 -7.697653237048740493e-09 5.741491337918347426e-09
1.912670925884808233e+20 -2.594245607223655270e-08 2.064003468138508879e-08
1.689324697189670257e+20 -2.233351814595607721e-08 1.763761858786239145e-08
1.469287301512237875e+20 -1.901587165509255328e-08 1.483000977575699153e-08
1.295904451384456643e+20 -1.645359781754507367e-08 1.259517934393272753e-08
1.159911414356750336e+20 -1.436170354862653653e-08 1.090188184171836383e-08
1.046997487627541709e+20 -1.263256838024418016e-08 9.613208673542317229e-09
9.480633803981398016e+19 -1.119460640852665279e-08 8.494169867478973401e-09
8.674105755915621171e+19 -1.005908756290807560e-08 7.502827303884629373e-09
2.389639205387091968e+20 -3.241494661576638237e-08 2.578960156540688331e-08
2.110704581994497311e+20 -2.790560027499111584e-08 2.203810101075731609e-08
1.834417025016067195e+20 -2.376021990269094886e-08 1.853001074803017900e-08
1.618681112261652644e+20 -2.055867343031536620e-08 1.573760255446643441e-08
1.449765186707774013e+20 -1.794486437223241637e-08 1.362183765785118794e-08
1.307981691899082670e+20 -1.578431985116424130e-08 1.201164812059118958e-08
1.185058545291314135e+20 -1.398759486015421771e-08 1.061341603492138574e-08
1.083477371647747523e+20 -1.256877057986827140e-08 9.374738652034864117e-09
2.892912707380136509e+20 -3.922917568566219870e-08 3.121106062486944666e-08
2.554419089668838195e+20 -3.377188106945538948e-08 2.667092258157310880e-08
2.221219604785869292e+20 -2.875506344146572246e-08 2.242536623064950163e-08
1.960814446292427080e+20 -2.488049188897889508e-08 1.904594171264761826e-08
1.753185174431391089e+20 -2.171721191768227754e-08 1.648540259857611545e-08
1.582614832368659988e+20 -1.910248037528816667e-08 1.453672160423025161e-08
1.434544554826327491e+20 -1.692804907360567768e-08 1.284455519723337602e-08
1.311952291520329482e+20 -1.521096182344194858e-08 1.134548466286133817e-08
3.417693623988268564e+20 -4.635387651497069328e-08 3.687953187281323153e-08
3.019641011958266593e+20 -3.990544117371541688e-08 3.151482630414648156e-08
2.624566349644200346e+20 -3.397748371547493207e-08 2.649820318723072887e-08
2.316017670743139287e+20 -2.939922316702592298e-08 2.250501651701597439e-08
2.071825794036454851e+20 -2.566143531002040845e-08 1.947943895075354703e-08
1.870814188210830705e+20 -2.257182307729976856e-08 1.717684361413063243e-08
1.694949713319769866e+20 -2.000247767419693901e-08 1.517735015443832935e-08
1.550022827144258191e+20 -1.797353732513329305e-08 1.340602240329502592e-08
3.383695364731341619e+19 -4.588272262129322598e-09 3.650467705895721338e-09
2.987049006733864960e+19 -3.949983048978644717e-09 3.119450031618953290e-09
2.596399908580979917e+19 -3.363212666696036024e-09 2.622886741132646193e-09
2.293228083333690982e+19 -2.910039959003185572e-09 2.227626916262437362e-09
2.050649262723137946e+19 -2.540060550781930715e-09 1.928144380269891656e-09
1.850878469279153357e+19 -2.234239682152860951e-09 1.700225238376873449e-09
1.676957933785995059e+19 -1.979916702810058382e-09 1.502308236145388776e-09
1.534057707833827942e+19 -1.779084865538571592e-09 1.326975973547916965e-09
6.683842695765612954e+19 -9.066663864132351591e-09 7.213513175674535205e-09
5.900062874696563917e+19 -7.805371488034396066e-09 6.164194737978689886e-09
5.136136051733748941e+19 -6.645882427713800666e-09 5.182960172156469980e-09
4.529792401239170253e+19 -5.750389886483020518e-09 4.401906172901703940e-09
4.054974863198395597e+19 -5.019291093866229403e-09 3.810113363700295963e-09
3.659155713455345254e+19 -4.414973331368088338e-09 3.359733241614648591e-09
3.314209871359521178e+19 -3.912418028440001194e-09 2.968638945777257732e-09
3.031511450409286042e+19 -3.515564006573157485e-09 2.622173256305870837e-09
1.047328370929312236e+20 -1.419988704398633672e-08 1.129754878537170271e-08
9.249015492741994906e+19 -1.222449574900252856e-08 9.654143373616363988e-09
8.039637024770544435e+19 -1.040854546996428098e-08 8.117368333060426266e-09
7.093310781706699571e+19 -9.006056622684610602e-09 6.894109283450688963e-09
6.347168936214053683e+19 -7.861035877798627780e-09 5.967264238293523704e-09
5.732553203175210189e+19 -6.914574440797238708e-09 5.261895058561449900e-09
5.194454233670813286e+19 -6.127490209673069899e-09 4.649377161047851814e-09
4.749416192789389312e+19 -5.505951500284211875e-09 4.106754741828311239e-09
1.463496843731252838e+20 -1.985230091428036303e-08 1.579465658263501382e-08
1.292099293414095094e+20 -1.709058450316547351e-08 1.349707601239202859e-08
1.124010576114642944e+20 -1.455177572884380766e-08 1.134857191553706457e-08
9.917399762318557184e+19 -1.259101178874288962e-08 9.638381759380365565e-09
8.875117361741245645e+19 -1.099020319195176398e-08 8.342596335975116517e-09
8.009030319356765798e+19 -9.666993427970282937e-09 7.356447229156515277e-09
7.257925224337561190e+19 -8.566601872317392008e-09 6.500110283358395691e-09
6.634210200500027392e+19 -7.697653237048740493e-09 5.741491337918347426e-09
1.912670925884808233e+20 -2.594245607223655270e-08 2.064003468138508879e-08
1.689324697189670257e+20 -2.233351814595607721e-08 1.763761858786239145e-08
1.469287301512237875e+20 -1.901587165509255328e-08 1.483000977575699153e-08
1.295904451384456643e+20 -1.645359781754507367e-08 1.259517934393272753e-08
1.159911414356750336e+20 -1.436170354862653653e-08 1.090188184171836383e-08
1.046997487627541709e+20 -1.263256838024418016e-08 9.613208673542317229e-09
9.480633803981398016e+19 -1.119460640852665279e-08 8.494169867478973401e-09
8.674105755915621171e+19 -1.005908756290807560e-08 7.502827303884629373e-09
2.389639205387091968e+20 -3.241494661576638237e-08 2.578960156540688331e-08
2.110704581994497311e+20 -2.790560027499111584e-08 2.203810101075731609e-08
1.834417025016067195e+20 -2.376021990269094886e-08 1.853001074803017900e-08
1.618681112261652644e+20 -2.055867343031536620e-08 1.573760255446643441e-08
1.449765186707774013e+20 -1.794486437223241637e-08 1.362183765785118794e-08
1.307981691899082670e+20 -1.578431985116424130e-08 1.201164812059118958e-08
1.185058545291314135e+20 -1.398759486015421771e-08 1.061341603492138574e-08
1.083477371647747523e+20 -1.256877057986827140e-08 9.374738652034864117e-09
2.892912707380136509e+20 -3.922917568566219870e-08 3.121106062486944666e-08
2.554419089668838195e+20 -3.377188106945538948e-08 2.667092258157310880e-08
2.221219604785869292e+20 -2.875506344146572246e-08 2.242536623064950163e-08
1.960814446292427080e+20 -2.488049188897889508e-08 1.904594171264761826e-08
1.753185174431391089e+20 -2.171721191768227754e-08 1.648540259857611545e-08
1.582614832368659988e+20 -1.910248037528816667e-08 1.453672160423025161e-08
1.434544554826327491e+20 -1.692804907360567768e-08 1.284455519723337602e-08
1.311952291520329482e+20 -1.521096182344194858e-08 1.134548466286133817e-08
3.417693623988268564e+20 -4.635387651497069328e-08 3.687953187281323153e-08
3.019641011958266593e+20 -3.990544117371541688e-08 3.151482630414648156e-08
2.624566349644200346e+20 -3.397748371547493207e-08 2.649820318723072887e-08
2.316017670743139287e+20 -2.939922316702592298e-08 2.250501651701597439e-08
2.071825794036454851e+20 -2.566143531002040845e-08 1.947943895075354703e-08
1.870814188210830705e+20 -2.257182307729976856e-08 1.717684361413063243e-08
1.694949713319769866e+20 -2.000247767419693901e-08 1.517735015443832935e-08
1.550022827144258191e+20 -1.797353732513329305e-08 1.340602240329502592e-08
3.383695364731341619e+19 -4.588272262129322598e-09 3.650467705895721338e-09
2.987049006733864960e+19 -3.949983048978644717e-09 3.119450031618953290e-09
2.596399908580979917e+19 -3.363212666696036024e-09 2.622886741132646193e-09
2.293228083333690982e+19 -2.910039959003185572e-09 2.227626916262437362e-09
2.050649262723137946e+19 -2.540060550781930715e-09 1.928144380269891656e-09
1.850878469279153357e+19 -2.234239682152860951e-09 1.700225238376873449e-09
1.676957933785995059e+19 -1.979916702810058382e-09 1.502308236145388776e-09
1.534057707833827942e+19 -1.779084865538571592e-09 1.326975973547916965e-09
6.683842695765612954e+19 -9.066663864132351591e-09 7.213513175674535205e-09
5.900062874696563917e+19 -7.805371488034396066e-09 6.164194737978689886e-09
5.136136051733748941e+19 -6.645882427713800666e-09 5.182960172156469980e-09
4.529792401239170253e+19 -5.750389886483020518e-09 4.401906172901703940e-09
4.054974863198395597e+19 -5.019291093866229403e-09 3.810113363700295963e-09
3.659155713455345254e+19 -4.414973331368088338e-09 3.359733241614648591e-09
3.314209871359521178e+19 -3.912418028440001194e-09 2.968638945777257732e-09
3.031511450409286042e+19 -3.515564006573157485e-09 2.622173256305870837e-09
1.047328370929312236e+20 -1.419988704398633672e-08 1.129754878537170271e-08
9.249015492741994906e+19 -1.222449574900252856e-08 9.654143373616363988e-09
8.039637024770544435e+19 -1.040854546996428098e-08 8.117368333060426266e-09
7.093310781706699571e+19 -9.006056622684610602e-09 6.894109283450688963e-09
6.347168936214053683e+19 -7.861035877798627780e-09 5.967264238293523704e-09
5.732553203175210189e+19 -6.914574440797238708e-09 5.261895058561449900e-09
5.194454233670813286e+19 -6.127490209673069899e-09 4.649377161047851814e-09
4.749416192789389312e+19 -5.505951500284211875e-09 4.106754741828311239e-09
1.463496843731252838e+20 -1.985230091428036303e-08 1.579465658263501382e-08
1.292099293414095094e+20 -1.709058450316547351e-08 1.349707601239202859e-08
1.124010576114642944e+20 -1.455177572884380766e-08 1.134857191553706457e-08
9.917399762318557184e+19 -1.259101178874288962e-08 9.638381759380365565e-09
8.875117361741245645e+19 -1.099020319195176398e-08 8.342596335975116517e-09
8.009030319356765798e+19 -9.666993427970282937e-09 7.356447229156515277e-09
7.257925224337561190e+19 -8.566601872317392008e-09 6.500110283358395691e-09
6.634210200500027392e+19 -7.697653237048740493e-09 5.741491337918347426e-09
1.912670925884808233e+20 -2.594245607223655270e-08 2.064003468138508879e-08
1.689324697189670257e+20 -2.233351814595607721e-08 1.763761858786239145e-08
1.469287301512237875e+20 -1.901587165509255328e-08 1.483000977575699153e-08
1.295904451384456643e+20 -1.645359781754507367e-08 1.259517934393272753e-08
1.159911414356750336e+20 -1.436170354862653653e-08 1.090188184171836383e-08
1.046997487627541709e+20 -1.263256838024418016e-08 9.613208673542317229e-09
9.480633803981398016e+19 -1.119460640852665279e-08 8.494169867478973401e-09
8.674105755915621171e+19 -1.005908756290807560e-08 7.502827303884629373e-09
2.389639205387091968e+20 -3.241494661576638237e-08 2.578960156540688331e-08
2.110704581994497311e+20 -2.790560027499111584e-08 2.203810101075731609e-08
1.834417025016067195e+20 -2.376021990269094886e-08 1.853001074803017900e-08
1.618681112261652644e+20 -2.055867343031536620e-08 1.573760255446643441e-08
1.449765186707774013e+20 -1.794486437223241637e-08 1.362183765785118794e-08
1.307981691899082670e+20 -1.578431985116424130e-08 1.201164812059118958e-08
1.185058545291314135e+20 -1.398759486015421771e-08 1.061341603492138574e-08
1.083477371647747523e+20 -1.256877057986827140e-08 9.374738652034864117e-09
2.892912707380136509e+20 -3.922917568566219870e-08 3.121106062486944666e-08
2.554419089668838195e+20 -3.377188106945538948e-08 2.667092258157310880e-08
2.221219604785869292e+20 -2.875506344146572246e-08 2.242536623064950163e-08
1.960814446292427080e+20 -2.488049188897889508e-08 1.904594171264761826e-08
1.753185174431391089e+20 -2.171721191768227754e-08 1.648540259857611545e-08
1.582614832368659988e+20 -1.910248037528816667e-08 1.453672160423025161e-08
1.434544554826327491e+20 -1.692804907360567768e-08 1.284455519723337602e-08
1.311952291520329482e+20 -1.521096182344194858e-08 1.134548466286133817e-08
3.417693623988268564e+20 -4.635387651497069328e-08 3.687953187281323153e-08
3.019641011958266593e+20 -3.990544117371541688e-08 3.151482630414648156e-08
2.624566349644200346e+20 -3.397748371547493207e-08 2.649820318723072887e-08
2.316017670743139287e+20 -2.939922316702592298e-08 2.250501651701597439e-08
2.071825794036454851e+20 -2.566143531002040845e-08 1.947943895075354703e-08
1.870814188210830705e+20 -2.257182307729976856e-08 1.717684361413063243e-08
1.694949713319769866e+20 -2.000247767419693901e-08 1.517735015443832935e-08
1.550022827144258191e+20 -1.797353732513329305e-08 1.340602240329502592e-08
3.383695364731341619e+19 -4.588272262129322598e-09 3.650467705895721338e-09
2.987049006733864960e+19 -3.949983048978644717e-09 3.119450031618953290e-09
2.596399908580979917e+19 -3.363212666696036024e-09 2.622886741132646193e-09
2.293228083333690982e+19 -2.910039959003185572e-09 2.227626916262437362e-09
2.050649262723137946e+19 -2.540060550781930715e-09 1.928144380269891656e-09
1.850878469279153357e+19 -2.234239682152860951e-09 1.700225238376873449e-09
1.676957933785995059e+19 -1.979916702810058382e-09 1.502308236145388776e-09
1.534057707833827942e+19 -1.779084865538571592e-09 1.326975973547916965e-09
6.683842695765612954e+19 -9.066663864132351591e-09 7.213513175674535205e-09
5.900062874696563917e+19 -7.805371488034396066e-09 6.164194737978689886e-09
5.136136051733748941e+19 -6.645882427713800666e-09 5.182960172156469980e-09
4.529792401239170253e+19 -5.750389886483020518e-09 4.401906172901703940e-09
4.054974863198395597e+19 -5.019291093866229403e-09 3.810113363700295963e-09
3.659155713455345254e+19 -4.414973331368088338e-09 3.359733241614648591e-09
3.314209871359521178e+19 -3.912418028440001194e-09 2.968638945777257732e-09
3.031511450409286042e+19 -3.515564006573157485e-09 2.622173256305870837e-09
1.047328370929312236e+20 -1.419988704398633672e-08 1.129754878537170271e-08
9.249015492741994906e+19 -1.222449574900252856e-08 9.654143373616363988e-09
8.039637024770544435e+19 -1.040854546996428098e-08 8.117368333060426266e-09
7.093310781706699571e+19 -9.006056622684610602e-09 6.894109283450688963e-09
6.347168936214053683e+19 -7.861035877798627780e-09 5.967264238293523704e-09
5.732553203175210189e+19 -6.914574440797238708e-09 5.261895058561449900e-09
5.194454233670813286e+19 -6.127490209673069899e-09 4.649377161047851814e-09
4.749416192789389312e+19 -5.505951500284211875e-09 4.106754741828311239e-09
1.463496843731252838e+20 -1.985230091428036303e-08 1.579465658263501382e-08
1.292099293414095094e+20 -1.709058450316547351e-08 1.349707601239202859e-08
1.124010576114642944e+20 -1.455177572884380766e-08 1.134857191553706457e-08
9.917399762318557184e+19 -1.259101178874288962e-08 9.638381759380365565e-09
8.875117361741245645e+19 -1.099020319195176398e-08 8.342596335975116517e-09
8.009030319356765798e+19 -9.666993427970282937e-09 7.356447229156515277e-09
7.257925224337561190e+19 -8.566601872317392008e-09 6.500110283358395691e-09
6.634210200500027392e+19 -7.697653237048740493e-09 5.741491337918347426e-09
1.912670925884808233e+20 -2.594245607223655270e-08 2.064003468138508879e-08
1.689324697189670257e+20 -2.233351814595607721e-08 1.763761858786239145e-08
1.469287301512237875e+20 -1.901587165509255328e-08 1.483000977575699153e-08
1.295904451384456643e+20 -1.645359781754507367e-08 1.259517934393272753e-08
1.159911414356750336e+20 -1.436170354862653653e-08 1.090188184171836383e-08
1.046997487627541709e+20 -1.263256838024418016e-08 9.613208673542317229e-09
9.480633803981398016e+19 -1.119460640852665279e-08 8.494169867478973401e-09
8.674105755915621171e+19 -1.005908756290807560e-08 7.502827303884629373e-09
2.389639205387091968e+20 -3.241494661576638237e-08 2.578960156540688331e-08
2.110704581994497311e+20 -2.790560027499111584e-08 2.203810101075731609e-08
1.834417025016067195e+20 -2.376021990269094886e-08 1.853001074803017900e-08
1.618681112261652644e+20 -2.055867343031536620e-08 1.573760255446643441e-08
1.449765186707774013e+20 -1.794486437223241637e-08 1.362183765785118794e-08
1.307981691899082670e+20 -1.578431985116424130e-08 1.201164812059118958e-08
1.185058545291314135e+20 -1.398759486015421771e-08 1.061341603492138574e-08
1.083477371647747523e+20 -1.256877057986827140e-08 9.374738652034864117e-09
2.892912707380136509e+20 -3.922917568566219870e-08 3.121106062486944666e-08
2.554419089668838195e+20 -3.377188106945538948e-08 2.667092258157310880e-08
2.221219604785869292e+20 -2.875506344146572246e-08 2.242536623064950163e-08
1.960814446292427080e+20 -2.488049188897889508e-08 1.904594171264761826e-08
1.753185174431391089e+20 -2.171721191768227754e-08 1.648540259857611545e-08
1.582614832368659988e+20 -1.910248037528816667e-08 1.453672160423025161e-08
1.434544554826327491e+20 -1.692804907360567768e-08 1.284455519723337602e-08
1.311952291520329482e+20 -1.521096182344194858e-08 1.134548466286133817e-08
3.417693623988268564e+20 -4.635387651497069328e-08 3.687953187281323153e-08
3.019641011958266593e+20 -3.990544117371541688e-08 3.151482630414648156e-08
2.624566349644200346e+20 -3.397748371547493207e-08 2.649820318723072887e-08
2.316017670743139287e+20 -2.939922316702592298e-08 2.250501651701597439e-08
2.071825794036454851e+20 -2.566143531002040845e-08 1.947943895075354703e-08
1.870814188210830705e+20 -2.257182307729976856e-08 1.717684361413063243e-08
1.694949713319769866e+20 -2.000247767419693901e-08 1.517735015443832935e-08
1.550022827144258191e+20 -1.797353732513329305e-08 1.340602240329502592e-08
3.383695364731341619e+19 -4.588272262129322598e-09 3.650467705895721338e-09
2.987049006733864960e+19 -3.949983048978644717e-09 3.119450031618953290e-09
2.596399908580979917e+19 -3.363212666696036024e-09 2.622886741132646193e-09
2.293228083333690982e+19 -2.910039959003185572e-09 2.227626916262437362e-09
2.050649262723137946e+19 -2.540060550781930715e-09 1.928144380269891656e-09
1.850878469279153357e+19 -2.234239682152860951e-09 1.700225238376873449e-09
1.676957933785995059e+19 -1.979916702810058382e-09 1.502308236145388776e-09
1.534057707833827942e+19 -1.779084865538571592e-09 1.326975973547916965e-09
6.683842695765612954e+19 -9.066663864132351591e-09 7.213513175674535205e-09
5.900062874696563917e+19 -7.805371488034396066e-09 6.164194737978689886e-09
5.136136051733748941e+19 -6.645882427713800666e-09 5.182960172156469980e-09
4.529792401239170253e+19 -5.750389886483020518e-09 4.401906172901703940e-09
4.054974863198395597e+19 -5.019291093866229403e-09 3.810113363700295963e-09
3.659155713455345254e+19 -4.414973331368088338e-09 3.359733241614648591e-09
3.314209871359521178e+19 -3.912418028440001194e-09 2.968638945777257732e-09
3.031511450409286042e+19 -3.515564006573157485e-09 2.622173256305870837e-09
1.047328370929312236e+20 -1.419988704398633672e-08 1.129754878537170271e-08
9.249015492741994906e+19 -1.222449574900252856e-08 9.654143373616363988e-09
8.039637024770544435e+19 -1.040854546996428098e-08 8.117368333060426266e-09
7.093310781706699571e+19 -9.006056622684610602e-09 6.894109283450688963e-09
6.347168936214053683e+19 -7.861035877798627780e-09 5.967264238293523704e-09
5.732553203175210189e+19 -6.914574440797238708e-09 5.261895058561449900e-09
5.194454233670813286e+19 -6.127490209673069899e-09 4.649377161047851814e-09
4.749416192789389312e+19 -5.505951500284211875e-09 4.106754741828311239e-09
1.463496843731252838e+20 -1.985230091428036303e-08 1.579465658263501382e-08
1.292099293414095094e+20 -1.709058450316547351e-08 1.349707601239202859e-08
1.124010576114642944e+20 -1.455177572884380766e-08 1.134857191553706457e-08
9.917399762318557184e+19 -1.259101178874288962e-08 9.638381759380365565e-09
8.875117361741245645e+19 -1.099020319195176398e-08 8.342596335975116517e-09
8.009030319356765798e+19 -9.666993427970282937e-09 7.356447229156515277e-09
7.257925224337561190e+19 -8.566601872317392008e-09 6.500110283358395691e-09
6.634210200500027392e+19 -7.697653237048740493e-09 5.741491337918347426e-09
1.912670925884808233e+20 -2.594245607223655270e-08 2.064003468138508879e-08
1.689324697189670257e+20 -2.233351814595607721e-08 1.763761858786239145e-08
1.469287301512237875e+20 -1.901587165509255328e-08 1.483000977575699153e-08
1.295904451384456643e+20 -1.645359781754507367e-08 1.259517934393272753e-08
1.159911414356750336e+20 -1.436170354862653653e-08 1.090188184171836383e-08
1.046997487627541709e+20 -1.263256838024418016e-08 9.613208673542317229e-09
9.480633803981398016e+19 -1.119460640852665279e-08 8.494169867478973401e-09
8.674105755915621171e+19 -1.005908756290807560e-08 7.502827303884629373e-09
2.389639205387091968e+20 -3.241494661576638237e-08 2.578960156540688331e-08
2.110704581994497311e+20 -2.790560027499111584e-08 2.203810101075731609e-08
1.834417025016067195e+20 -2.376021990269094886e-08 1.853001074803017900e-08
1.618681112261652644e+20 -2.055867343031536620e-08 1.573760255446643441e-08
1.449765186707774013e+20 -1.794486437223241637e-08 1.362183765785118794e-08
1.307981691899082670e+20 -1.578431985116424130e-08 1.201164812059118958e-08
1.185058545291314135e+20 -1.398759486015421771e-08 1.061341603492138574e-08
1.083477371647747523e+20 -1.256877057986827140e-08 9.374738652034864117e-09
2.892912707380136509e+20 -3.922917568566219870e-08 3.121106062486944666e-08
2.554419089668838195e+20 -3.377188106945538948e-08 2.667092258157310880e-08
2.221219604785869292e+20 -2.875506344146572246e-08 2.242536623064950163e-08
1.960814446292427080e+20 -2.488049188897889508e-08 1.904594171264761826e-08
1.753185174431391089e+20 -2.171721191768227754e-08 1.648540259857611545e-08
1.582614832368659988e+20 -1.910248037528816667e-08 1.453672160423025161e-08
1.434544554826327491e+20 -1.692804907360567768e-08 1.284455519723337602e-08
1.311952291520329482e+20 -1.521096182344194858e-08 1.134548466286133817e-08
3.417693623988268564e+20 -4.635387651497069328e-08 3.687953187281323153e-08
3.019641011958266593e+20 -3.990544117371541688e-08 3.151482630414648156e-08
2.624566349644200346e+20 -3.397748371547493207e-08 2.649820318723072887e-08
2.316017670743139287e+20 -2.939922316702592298e-08 2.250501651701597439e-08
2.071825794036454851e+20 -2.566143531002040845e-08 1.947943895075354703e-08
1.870814188210830705e+20 -2.257182307729976856e-08 1.717684361413063243e-08
1.694949713319769866e+20 -2.000247767419693901e-08 1.517735015443832935e-08
1.550022827144258191e+20 -1.797353732513329305e-08 1.340602240329502592e-08
3.383695364731341619e+19 -4.588272262129322598e-09 3.650467705895721338e-09
2.987049006733864960e+19 -3.949983048978644717e-09 3.119450031618953290e-09
2.596399908580979917e+19 -3.363212666696036024e-09 2.622886741132646193e-09
2.293228083333690982e+19 -2.910039959003185572e-09 2.227626916262437362e-09
2.050649262723137946e+19 -2.540060550781930715e-09 1.928144380269891656e-09
1.850878469279153357e+19 -2.234239682152860951e-09 1.700225238376873449e-09
1.676957933785995059e+19 -1.979916702810058382e-09 1.502308236145388776e-09
1.534057707833827942e+19 -1.779084865538571592e-09 1.326975973547916965e-09
6.683842695765612954e+19 -9.066663864132351591e-09 7.213513175674535205e-09
5.900062874696563917e+19 -7.805371488034396066e-09 6.164194737978689886e-09
5.136136051733748941e+19 -6.645882427713800666e-09 5.182960172156469980e-09
4.529792401239170253e+19 -5.750389886483020518e-09 4.401906172901703940e-09
4.054974863198395597e+19 -5.019291093866229403e-09 3.810113363700295963e-09
3.659155713455345254e+19 -4.414973331368088338e-09 3.359733241614648591e-09
3.314209871359521178e+19 -3.912418028440001194e-09 2.968638945777257732e-09
3.031511450409286042e+19 -3.515564006573157485e-09 2.622173256305870837e-09
1.047328370929312236e+20 -1.419988704398633672e-08 1.129754878537170271e-08
9.249015492741994906e+19 -1.222449574900252856e-08 9.654143373616363988e-09
8.039637024770544435e+19 -1.040854546996428098e-08 8.117368333060426266e-09
7.093310781706699571e+19 -9.006056622684610602e-09 6.894109283450688963e-09
6.347168936214053683e+19 -7.861035877798627780e-09 5.967264238293523704e-09
5.732553203175210189e+19 -6.914574440797238708e-09 5.261895058561449900e-09
5.194454233670813286e+19 -6.127490209673069899e-09 4.649377161047851814e-09
4.749416192789389312e+19 -5.505951500284211875e-09 4.106754741828311239e-09
1.463496843731252838e+20 -1.985230091428036303e-08 1.579465658263501382e-08
1.292099293414095094e+20 -1.709058450316547351e-08 1.349707601239202859e-08
1.124010576114642944e+20 -1.455177572884380766e-08 1.134857191553706457e-08
9.917399762318557184e+19 -1.259101178874288962e-08 9.638381759380365565e-09
8.875117361741245645e+19 -1.099020319195176398e-08 8.342596335975116517e-09
8.009030319356765798e+19 -9.666993427970282937e-09 7.356447229156515277e-09
7.257925224337561190e+19 -8.566601872317392008e-09 6.500110283358395691e-09
6.634210200500027392e+19 -7.697653237048740493e-09 5.741491337918347426e-09
1.912670925884808233e+20 -2.594245607223655270e-08 2.064003468138508879e-08
1.689324697189670257e+20 -2.233351814595607721e-08 1.763761858786239145e-08
1.469287301512237875e+20 -1.901587165509255328e-08 1.483000977575699153e-08
1.295904451384456643e+20 -1.645359781754507367e-08 1.259517934393272753e-08
1.159911414356750336e+20 -1.436170354862653653e-08 1.090188184171836383e-08
1.046997487627541709e+20 -1.263256838024418016e-08 9.613208673542317229e-09
9.480633803981398016e+19 -1.119460640852665279e-08 8.494169867478973401e-09
8.674105755915621171e+19 -1.005908756290807560e-08 7.502827303884629373e-09
2.389639205387091968e+20 -3.241494661576638237e-08 2.578960156540688331e-08
2.110704581994497311e+20 -2.790560027499111584e-08 2.203810101075731609e-08
1.834417025016067195e+20 -2.376021990269094886e-08 1.853001074803017900e-08
1.618681112261652644e+20 -2.055867343031536620e-08 1.573760255446643441e-08
1.449765186707774013e+20 -1.794486437223241637e-08 1.362183765785118794e-08
1.307981691899082670e+20 -1.578431985116424130e-08 1.201164812059118958e-08
1.185058545291314135e+20 -1.398759486015421771e-08 1.061341603492138574e-08
1.083477371647747523e+20 -1.256877057986827140e-08 9.374738652034864117e-09
2.892912707380136509e+20 -3.922917568566219870e-08 3.121106062486944666e-08
2.554419089668838195e+20 -3.377188106945538948e-08 2.667092258157310880e-08
2.221219604785869292e+20 -2.875506344146572246e-08 2.242536623064950163e-08
1.960814446292427080e+20 -2.488049188897889508e-08 1.904594171264761826e-08
1.753185174431391089e+20 -2.171721191768227754e-08 1.648540259857611545e-08
1.582614832368659988e+20 -1.910248037528816667e-08 1.453672160423025161e-08
1.434544554826327491e+20 -1.692804907360567768e-08 1.284455519723337602e-08
1.311952291520329482e+20 -1.521096182344194858e-08 1.134548466286133817e-08
3.417693623988268564e+20 -4.635387651497069328e-08 3.687953187281323153e-08
3.019641011958266593e+20 -3.990544117371541688e-08 3.151482630414648156e-08
2.624566349644200346e+20 -3.397748371547493207e-08 2.649820318723072887e-08
2.316017670743139287e+20 -2.939922316702592298e-08 2.250501651701597439e-08
2.071825794036454851e+20 -2.566143531002040845e-08 1.947943895075354703e-08
1.870814188210830705e+20 -2.257182307729976856e-08 1.717684361413063243e-08
1.694949713319769866e+20 -2.000247767419693901e-08 1.517735015443832935e-08
1.550022827144258191e+20 -1.797353732513329305e-08 1.340602240329502592e-08
3.383695364731341619e+19 -4.588272262129322598e-09 3.650467705895721338e-09
2.987049006733864960e+19 -3.949983048978644717e-09 3.119450031618953290e-09
2.596399908580979917e+19 -3.363212666696036024e-09 2.622886741132646193e-09
2.293228083333690982e+19 -2.910039959003185572e-09 2.227626916262437362e-09
2.050649262723137946e+19 -2.540060550781930715e-09 1.928144380269891656e-09
1.850878469279153357e+19 -2.234239682152860951e-09 1.700225238376873449e-09
1.676957933785995059e+19 -1.979916702810058382e-09 1.502308236145388776e-09
1.534057707833827942e+19 -1.779084865538571592e-09 1.326975973547916965e-09
6.683842695765612954e+19 -9.066663864132351591e-09 7.213513175674535205e-09
5.900062874696563917e+19 -7.805371488034396066e-09 6.164194737978689886e-09
5.136136051733748941e+19 -6.645882427713800666e-09 5.182960172156469980e-09
4.529792401239170253e+19 -5.750389886483020518e-09 4.401906172901703940e-09
4.054974863198395597e+19 -5.019291093866229403e-09 3.810113363700295963e-09
3.659155713455345254e+19 -4.414973331368088338e-09 3.359733241614648591e-09
3.314209871359521178e+19 -3.912418028440001194e-09 2.968638945777257732e-09
3.031511450409286042e+19 -3.515564006573157485e-09 2.622173256305870837e-09
1.047328370929312236e+20 -1.419988704398633672e-08 1.129754878537170271e-08
9.249015492741994906e+19 -1.222449574900252856e-08 9.654143373616363988e-09
8.039637024770544435e+19 -1.040854546996428098e-08 8.117368333060426266e-09
7.093310781706699571e+19 -9.006056622684610602e-09 6.894109283450688963e-09
6.347168936214053683e+19 -7.861035877798627780e-09 5.967264238293523704e-09
5.732553203175210189e+19 -6.914574440797238708e-09 5.261895058561449900e-09
5.194454233670813286e+19 -6.127490209673069899e-09 4.649377161047851814e-09
4.749416192789389312e+19 -5.505951500284211875e-09 4.106754741828311239e-09
1.463496843731252838e+20 -1.985230091428036303e-08 1.579465658263501382e-08
1.292099293414095094e+20 -1.709058450316547351e-08 1.349707601239202859e-08
1.124010576114642944e+20 -1.455177572884380766e-08 1.134857191553706457e-08
9.917399762318557184e+19 -1.259101178874288962e-08 9.638381759380365565e-09
8.875117361741245645e+19 -1.099020319195176398e-08 8.342596335975116517e-09
8.009030319356765798e+19 -9.666993427970282937e-09 7.356447229156515277e-09
7.257925224337561190e+19 -8.566601872317392008e-09 6.500110283358395691e-09
6.634210200500027392e+19 -7.697653237048740493e-09 5.741491337918347426e-09
1.912670925884808233e+20 -2.594245607223655270e-08 2.064003468138508879e-08
1.689324697189670257e+20 -2.233351814595607721e-08 1.763761858786239145e-08
1.469287301512237875e+20 -1.901587165509255328e-08 1.483000977575699153e-08
1.295904451384456643e+20 -1.645359781754507367e-08 1.259517934393272753e-08
1.159911414356750336e+20 -1.436170354862653653e-08 1.090188184171836383e-08
1.046997487627541709e+20 -1.263256838024418016e-08 9.613208673542317229e-09
9.480633803981398016e+19 -1.119460640852665279e-08 8.494169867478973401e-09
8.674105755915621171e+19 -1.005908756290807560e-08 7.502827303884629373e-09
2.389639205387091968e+20 -3.241494661576638237e-08 2.578960156540688331e-08
2.110704581994497311e+20 -2.790560027499111584e-08 2.203810101075731609e-08
1.834417025016067195e+20 -2.376021990269094886e-08 1.853001074803017900e-08
1.618681112261652644e+20 -2.055867343031536620e-08 1.573760255446643441e-08
1.449765186707774013e+20 -1.794486437223241637e-08 1.362183765785118794e-08
1.307981691899082670e+20 -1.578431985116424130e-08 1.201164812059118958e-08
1.185058545291314135e+20 -1.398759486015421771e-08 1.061341603492138574e-08
1.083477371647747523e+20 -1.256877057986827140e-08 9.374738652034864117e-09
2.892912707380136509e+20 -3.922917568566219870e-08 3.121106062486944666e-08
2.554419089668838195e+20 -3.377188106945538948e-08 2.667092258157310880e-08
2.221219604785869292e+20 -2.875506344146572246e-08 2.242536623064950163e-08
1.960814446292427080e+20 -2.488049188897889508e-08 1.904594171264761826e-08
1.753185174431391089e+20 -2.171721191768227754e-08 1.648540259857611545e-08
1.582614832368659988e+20 -1.910248037528816667e-08 1.453672160423025161e-08
1.434544554826327491e+20 -1.692804907360567768e-08 1.284455519723337602e-08
1.311952291520329482e+20 -1.521096182344194858e-08 1.134548466286133817e-08
3.417693623988268564e+20 -4.635387651497069328e-08 3.687953187281323153e-08
3.019641011958266593e+20 -3.990544117371541688e-08 3.151482630414648156e-08
2.624566349644200346e+20 -3.397748371547493207e-08 2.649820318723072887e-08
2.316017670743139287e+20 -2.939922316702592298e-08 2.250501651701597439e-08
2.071825794036454851e+20 -2.566143531002040845e-08 1.947943895075354703e-08
1.870814188210830705e+20 -2.257182307729976856e-08 1.717684361413063243e-08
1.694949713319769866e+20 -2.000247767419693901e-08 1.517735015443832935e-08
1.550022827144258191e+20 -1.797353732513329305e-08 1.340602240329502592e-08
3.383695364731341619e+19 -4.588272262129322598e-09 3.650467705895721338e-09
2.987049006733864960e+19 -3.949983048978644717e-09 3.119450031618953290e-09
2.596399908580979917e+19 -3.363212666696036024e-09 2.622886741132646193e-09
2.293228083333690982e+19 -2.910039959003185572e-09 2.227626916262437362e-09
2.050649262723137946e+19 -2.540060550781930715e-09 1.928144380269891656e-09
1.850878469279153357e+19 -2.234239682152860951e-09 1.700225238376873449e-09
1.676957933785995059e+19 -1.979916702810058382e-09 1.502308236145388776e-09
1.534057707833827942e+19 -1.779084865538571592e-09 1.326975973547916965e-09
6.683842695765612954e+19 -9.066663864132351591e-09 7.213513175674535205e-09
5.900062874696563917e+19 -7.805371488034396066e-09 6.164194737978689886e-09
5.136136051733748941e+19 -6.645882427713800666e-09 5.182960172156469980e-09
4.529792401239170253e+19 -5.750389886483020518e-09 4.401906172901703940e-09
4.054974863198395597e+19 -5.019291093866229403e-09 3.810113363700295963e-09
3.659155713455345254e+19 -4.414973331368088338e-09 3.359733241614648591e-09
3.314209871359521178e+19 -3.912418028440001194e-09 2.968638945777257732e-09
3.031511450409286042e+19 -3.515564006573157485e-09 2.622173256305870837e-09
1.047328370929312236e+20 -1.419988704398633672e-08 1.129754878537170271e-08
9.249015492741994906e+19 -1.222449574900252856e-08 9.654143373616363988e-09
8.039637024770544435e+19 -1.040854546996428098e-08 8.117368333060426266e-09
7.093310781706699571e+19 -9.006056622684610602e-09 6.894109283450688963e-09
6.347168936214053683e+19 -7.861035877798627780e-09 5.967264238293523704e-09
5.732553203175210189e+19 -6.914574440797238708e-09 5.261895058561449900e-09
5.194454233670813286e+19 -6.127490209673069899e-09 4.649377161047851814e-09
4.749416192789389312e+19 -5.505951500284211875e-09 4.106754741828311239e-09
1.463496843731252838e+20 -1.985230091428036303e-08 1.579465658263501382e-08
1.292099293414095094e+20 -1.709058450316547351e-08 1.349707601239202859e-08
1.124010576114642944e+20 -1.455177572884380766e-08 1.134857191553706457e-08
9.917399762318557184e+19 -1.259101178874288962e-08 9.638381759380365565e-09
8.875117361741245645e+19 -1.099020319195176398e-08 8.342596335975116517e-09
8.009030319356765798e+19 -9.666993427970282937e-09 7.356447229156515277e-09
7.257925224337561190e+19 -8.566601872317392008e-09 6.500110283358395691e-09
6.634210200500027392e+19 -7.697653237048740493e-09 5.741491337918347426e-09
1.912670925884808233e+20 -2.594245607223655270e-08 2.064003468138508879e-08
1.689324697189670257e+20 -2.233351814595607721e-08 1.763761858786239145e-08
1.469287301512237875e+20 -1.901587165509255328e-08 1.483000977575699153e-08
1.295904451384456643e+20 -1.645359781754507367e-08 1.259517934393272753e-08
1.159911414356750336e+20 -1.436170354862653653e-08 1.090188184171836383e-08
1.046997487627541709e+20 -1.263256838024418016e-08 9.613208673542317229e-09
9.480633803981398016e+19 -1.119460640852665279e-08 8.494169867478973401e-09
8.674105755915621171e+19 -1.005908756290807560e-08 7.502827303884629373e-09
2.389639205387091968e+20 -3.241494661576638237e-08 2.578960156540688331e-08
2.110704581994497311e+20 -2.790560027499111584e-08 2.203810101075731609e-08
1.834417025016067195e+20 -2.376021990269094886e-08 1.853001074803017900e-08
1.618681112261652644e+20 -2.055867343031536620e-08 1.573760255446643441e-08
1.449765186707774013e+20 -1.794486437223241637e-08 1.362183765785118794e-08
1.307981691899082670e+20 -1.578431985116424130e-08 1.201164812059118958e-08
1.185058545291314135e+20 -1.398759486015421771e-08 1.061341603492138574e-08
1.083477371647747523e+20 -1.256877057986827140e-08 9.374738652034864117e-09
2.892912707380136509e+20 -3.922917568566219870e-08 3.121106062486944666e-08
2.554419089668838195e+20 -3.377188106945538948e-08 2.667092258157310880e-08
2.221219604785869292e+20 -2.875506344146572246e-08 2.242536623064950163e-08
1.960814446292427080e+20 -2.488049188897889508e-08 1.904594171264761826e-08
1.753185174431391089e+20 -2.171721191768227754e-08 1.648540259857611545e-08
1.582614832368659988e+20 -1.910248037528816667e-08 1.453672160423025161e-08
1.434544554826327491e+20 -1.692804907360567768e-08 1.284455519723337602e-08
1.311952291520329482e+20 -1.521096182344194858e-08 1.134548466286133817e-08
3.417693623988268564e+20 -4.635387651497069328e-08 3.687953187281323153e-08
3.019641011958266593e+20 -3.990544117371541688e-08 3.151482630414648156e-08
2.624566349644200346e+20 -3.397748371547493207e-08 2.649820318723072887e-08
2.316017670743139287e+20 -2.939922316702592298e-08 2.250501651701597439e-08
2.071825794036454851e+20 -2.566143531002040845e-08 1.947943895075354703e-08
1.870814188210830705e+20 -2.257182307729976856e-08 1.717684361413063243e-08
1.694949713319769866e+20 -2.000247767419693901e-08 1.517735015443832935e-08
1.550022827144258191e+20 -1.797353732513329305e-08 1.340602240329502592e-08
3.383695364731341619e+19 -4.588272262129322598e-09 3.650467705895721338e-09
2.987049006733864960e+19 -3.949983048978644717e-09 3.119450031618953290e-09
2.596399908580979917e+19 -3.363212666696036024e-09 2.622886741132646193e-09
2.293228083333690982e+19 -2.910039959003185572e-09 2.227626916262437362e-09
2.050649262723137946e+19 -2.540060550781930715e-09 1.928144380269891656e-09
1.850878469279153357e+19 -2.234239682152860951e-09 1.700225238376873449e-09
1.676957933785995059e+19 -1.979916702810058382e-09 1.502308236145388776e-09
1.534057707833827942e+19 -1.779084865538571592e-09 1.326975973547916965e-09
6.683842695765612954e+19 -9.066663864132351591e-09 7.213513175674535205e-09
5.900062874696563917e+19 -7.805371488034396066e-09 6.164194737978689886e-09
5.136136051733748941e+19 -6.645882427713800666e-09 5.182960172156469980e-09
4.529792401239170253e+19 -5.750389886483020518e-09 4.401906172901703940e-09
4.054974863198395597e+19 -5.019291093866229403e-09 3.810113363700295963e-09
3.659155713455345254e+19 -4.414973331368088338e-09 3.359733241614648591e-09
3.314209871359521178e+19 -3.912418028440001194e-09 2.968638945777257732e-09
3.031511450409286042e+19 -3.515564006573157485e-09 2.622173256305870837e-09
1.047328370929312236e+20 -1.419988704398633672e-08 1.129754878537170271e-08
9.249015492741994906e+19 -1.222449574900252856e-08 9.654143373616363988e-09
8.039637024770544435e+19 -1.040854546996428098e-08 8.117368333060426266e-09
7.093310781706699571e+19 -9.006056622684610602e-09 6.894109283450688963e-09
6.347168936214053683e+19 -7.861035877798627780e-09 5.967264238293523704e-09
5.732553203175210189e+19 -6.914574440797238708e-09 5.261895058561449900e-09
5.194454233670813286e+19 -6.127490209673069899e-09 4.649377161047851814e-09
4.749416192789389312e+19 -5.505951500284211875e-09 4.106754741828311239e-09
1.463496843731252838e+20 -1.985230091428036303e-08 1.579465658263501382e-08
1.292099293414095094e+20 -1.709058450316547351e-08 1.349707601239202859e-08
1.124010576114642944e+20 -1.455177572884380766e-08 1.134857191553706457e-08
9.917399762318557184e+19 -1.259101178874288962e-08 9.638381759380365565e-09
8.875117361741245645e+19 -1.099020319195176398e-08 8.342596335975116517e-09
8.009030319356765798e+19 -9.666993427970282937e-09 7.356447229156515277e-09
7.257925224337561190e+19 -8.566601872317392008e-09 6.500110283358395691e-09
6.634210200500027392e+19 -7.697653237048740493e-09 5.741491337918347426e-09
1.912670925884808233e+20 -2.594245607223655270e-08 2.064003468138508879e-08
1.689324697189670257e+20 -2.233351814595607721e-08 1.763761858786239145e-08
1.469287301512237875e+20 -1.901587165509255328e-08 1.483000977575699153e-08
1.295904451384456643e+20 -1.645359781754507367e-08 1.259517934393272753e-08
1.159911414356750336e+20 -1.436170354862653653e-08 1.090188184171836383e-08
1.046997487627541709e+20 -1.263256838024418016e-08 9.613208673542317229e-09
9.480633803981398016e+19 -1.119460640852665279e-08 8.494169867478973401e-09
8.674105755915621171e+19 -1.005908756290807560e-08 7.502827303884629373e-09
2.389639205387091968e+20 -3.241494661576638237e-08 2.578960156540688331e-08
2.110704581994497311e+20 -2.790560027499111584e-08 2.203810101075731609e-08
1.834417025016067195e+20 -2.376021990269094886e-08 1.853001074803017900e-08
1.618681112261652644e+20 -2.055867343031536620e-08 1.573760255446643441e-08
1.449765186707774013e+20 -1.794486437223241637e-08 1.362183765785118794e-08
1.307981691899082670e+20 -1.578431985116424130e-08 1.201164812059118958e-08
1.185058545291314135e+20 -1.398759486015421771e-08 1.061341603492138574e-08
1.083477371647747523e+20 -1.256877057986827140e-08 9.374738652034864117e-09
2.892912707380136509e+20 -3.922917568566219870e-08 3.121106062486944666e-08
2.554419089668838195e+20 -3.377188106945538948e-08 2.667092258157310880e-08
2.221219604785869292e+20 -2.875506344146572246e-08 2.242536623064950163e-08
1.960814446292427080e+20 -2.488049188897889508e-08 1.904594171264761826e-08
1.753185174431391089e+20 -2.171721191768227754e-08 1.648540259857611545e-08
1.582614832368659988e+20 -1.910248037528816667e-08 1.453672160423025161e-08
1.434544554826327491e+20 -1.692804907360567768e-08 1.284455519723337602e-08
1.311952291520329482e+20 -1.521096182344194858e-08 1.134548466286133817e-08
3.417693623988268564e+20 -4.635387651497069328e-08 3.687953187281323153e-08
3.019641011958266593e+20 -3.990544117371541688e-08 3.151482630414648156e-08
2.624566349644200346e+20 -3.397748371547493207e-08 2.649820318723072887e-08
2.316017670743139287e+20 -2.939922316702592298e-08 2.250501651701597439e-08
2.071825794036454851e+20 -2.566143531002040845e-08 1.947943895075354703e-08
1.870814188210830705e+20 -2.257182307729976856e-08 1.717684361413063243e-08
1.694949713319769866e+20 -2.000247767419693901e-08 1.517735015443832935e-08
1.550022827144258191e+20 -1.797353732513329305e-08 1.340602240329502592e-08
3.383695364731341619e+19 -4.588272262129322598e-09 3.650467705895721338e-09
2.987049006733864960e+19 -3.949983048978644717e-09 3.119450031618953290e-09
2.596399908580979917e+19 -3.363212666696036024e-09 2.622886741132646193e-09
2.293228083333690982e+19 -2.910039959003185572e-09 2.227626916262437362e-09
2.050649262723137946e+19 -2.540060550781930715e-09 1.928144380269891656e-09
1.850878469279153357e+19 -2.234239682152860951e-09 1.700225238376873449e-09
1.676957933785995059e+19 -1.979916702810058382e-09 1.502308236145388776e-09
1.534057707833827942e+19 -1.779084865538571592e-09 1.326975973547916965e-09
6.683842695765612954e+19 -9.066663864132351591e-09 7.213513175674535205e-09
5.900062874696563917e+19 -7.805371488034396066e-09 6.164194737978689886e-09
5.136136051733748941e+19 -6.645882427713800666e-09 5.182960172156469980e-09
4.529792401239170253e+19 -5.750389886483020518e-09 4.401906172901703940e-09
4.054974863198395597e+19 -5.019291093866229403e-09 3.810113363700295963e-09
3.659155713455345254e+19 -4.414973331368088338e-09 3.359733241614648591e-09
3.314209871359521178e+19 -3.912418028440001194e-09 2.968638945777257732e-09
3.031511450409286042e+19 -3.515564006573157485e-09 2.622173256305870837e-09
1.047328370929312236e+20 -1.419988704398633672e-08 1.129754878537170271e-08
9.249015492741994906e+19 -1.222449574900252856e-08 9.654143373616363988e-09
8.039637024770544435e+19 -1.040854546996428098e-08 8.117368333060426266e-09
7.093310781706699571e+19 -9.006056622684610602e-09 6.894109283450688963e-09
6.347168936214053683e+19 -7.861035877798627780e-09 5.967264238293523704e-09
5.732553203175210189e+19 -6.914574440797238708e-09 5.261895058561449900e-09
5.194454233670813286e+19 -6.127490209673069899e-09 4.649377161047851814e-09
4.749416192789389312e+19 -5.505951500284211875e-09 4.106754741828311239e-09
1.463496843731252838e+20 -1.985230091428036303e-08 1.579465658263501382e-08
1.292099293414095094e+20 -1.709058450316547351e-08 1.349707601239202859e-08
1.124010576114642944e+20 -1.455177572884380766e-08 1.134857191553706457e-08
9.917399762318557184e+19 -1.259101178874288962e-08 9.638381759380365565e-09
8.875117361741245645e+19 -1.099020319195176398e-08 8.342596335975116517e-09
8.009030319356765798e+19 -9.666993427970282937e-09 7.356447229156515277e-09
7.257925224337561190e+19 -8.566601872317392008e-09 6.500110283358395691e-09
6.634210200500027392e+19 -7.697653237048740493e-09 5.741491337918347426e-09
1.912670925884808233e+20 -2.594245607223655270e-08 2.064003468138508879e-08
1.689324697189670257e+20 -2.233351814595607721e-08 1.763761858786239145e-08
1.469287301512237875e+20 -1.901587165509255328e-08 1.483000977575699153e-08
1.295904451384456643e+20 -1.645359781754507367e-08 1.259517934393272753e-08
1.159911414356750336e+20 -1.436170354862653653e-08 1.090188184171836383e-08
1.046997487627541709e+20 -1.263256838024418016e-08 9.613208673542317229e-09
9.480633803981398016e+19 -1.119460640852665279e-08 8.494169867478973401e-09
8.674105755915621171e+19 -1.005908756290807560e-08 7.502827303884629373e-09
2.389639205387091968e+20 -3.241494661576638237e-08 2.578960156540688331e-08
2.110704581994497311e+20 -2.790560027499111584e-08 2.203810101075731609e-08
1.834417025016067195e+20 -2.376021990269094886e-08 1.853001074803017900e-08
1.618681112261652644e+20 -2.055867343031536620e-08 1.573760255446643441e-08
1.449765186707774013e+20 -1.794486437223241637e-08 1.362183765785118794e-08
1.307981691899082670e+20 -1.578431985116424130e-08 1.201164812059118958e-08
1.185058545291314135e+20 -1.398759486015421771e-08 1.061341603492138574e-08
1.083477371647747523e+20 -1.256877057986827140e-08 9.374738652034864117e-09
2.892912707380136509e+20 -3.922917568566219870e-08 3.121106062486944666e-08
2.554419089668838195e+20 -3.377188106945538948e-08 2.667092258157310880e-08
2.221219604785869292e+20 -2.875506344146572246e-08 2.242536623064950163e-08
1.960814446292427080e+20 -2.488049188897889508e-08 1.904594171264761826e-08
1.753185174431391089e+20 -2.171721191768227754e-08 1.648540259857611545e-08
1.582614832368659988e+20 -1.910248037528816667e-08 1.453672160423025161e-08
1.434544554826327491e+20 -1.692804907360567768e-08 1.284455519723337602e-08
1.311952291520329482e+20 -1.521096182344194858e-08 1.134548466286133817e-08
3.417693623988268564e+20 -4.635387651497069328e-08 3.687953187281323153e-08
3.019641011958266593e+20 -3.990544117371541688e-08 3.151482630414648156e-08
2.624566349644200346e+20 -3.397748371547493207e-08 2.649820318723072887e-08
2.316017670743139287e+20 -2.939922316702592298e-08 2.250501651701597439e-08
2.071825794036454851e+20 -2.566143531002040845e-08 1.947943895075354703e-08
1.870814188210830705e+20 -2.257182307729976856e-08 1.717684361413063243e-08
1.694949713319769866e+20 -2.000247767419693901e-08 1.517735015443832935e-08
1.550022827144258191e+20 -1.797353732513329305e-08 1.340602240329502592e-08
3.383695364731341619e+19 -4.588272262129322598e-09 3.650467705895721338e-09
2.987049006733864960e+19 -3.949983048978644717e-09 3.119450031618953290e-09
2.596399908580979917e+19 -3.363212666696036024e-09 2.622886741132646193e-09
2.293228083333690982e+19 -2.910039959003185572e-09 2.227626916262437362e-09
2.050649262723137946e+19 -2.540060550781930715e-09 1.928144380269891656e-09
1.850878469279153357e+19 -2.234239682152860951e-09 1.700225238376873449e-09
1.676957933785995059e+19 -1.979916702810058382e-09 1.502308236145388776e-09
1.534057707833827942e+19 -1.779084865538571592e-09 1.326975973547916965e-09
6.683842695765612954e+19 -9.066663864132351591e-09 7.213513175674535205e-09
5.900062874696563917e+19 -7.805371488034396066e-09 6.164194737978689886e-09
5.136136051733748941e+19 -6.645882427713800666e-09 5.182960172156469980e-09
4.529792401239170253e+19 -5.750389886483020518e-09 4.401906172901703940e-09
4.054974863198395597e+19 -5.019291093866229403e-09 3.810113363700295963e-09
3.659155713455345254e+19 -4.414973331368088338e-09 3.359733241614648591e-09
3.314209871359521178e+19 -3.912418028440001194e-09 2.968638945777257732e-09
3.031511450409286042e+19 -3.515564006573157485e-09 2.622173256305870837e-09
1.047328370929312236e+20 -1.419988704398633672e-08 1.129754878537170271e-08
9.249015492741994906e+19 -1.222449574900252856e-08 9.654143373616363988e-09
8.039637024770544435e+19 -1.040854546996428098e-08 8.117368333060426266e-09
7.093310781706699571e+19 -9.006056622684610602e-09 6.894109283450688963e-09
6.347168936214053683e+19 -7.861035877798627780e-09 5.967264238293523704e-09
5.732553203175210189e+19 -6.914574440797238708e-09 5.261895058561449900e-09
5.194454233670813286e+19 -6.127490209673069899e-09 4.649377161047851814e-09
4.749416192789389312e+19 -5.505951500284211875e-09 4.106754741828311239e-09
1.463496843731252838e+20 -1.985230091428036303e-08 1.579465658263501382e-08
1.292099293414095094e+20 -1.709058450316547351e-08 1.349707601239202859e-08
1.124010576114642944e+20 -1.455177572884380766e-08 1.134857191553706457e-08
9.917399762318557184e+19 -1.259101178874288962e-08 9.638381759380365565e-09
8.875117361741245645e+19 -1.099020319195176398e-08 8.342596335975116517e-09
8.009030319356765798e+19 -9.666993427970282937e-09 7.356447229156515277e-09
7.257925224337561190e+19 -8.566601872317392008e-09 6.500110283358395691e-09
6.634210200500027392e+19 -7.697653237048740493e-09 5.741491337918347426e-09
1.912670925884808233e+20 -2.594245607223655270e-08 2.064003468138508879e-08
1.689324697189670257e+20 -2.233351814595607721e-08 1.763761858786239145e-08
1.469287301512237875e+20 -1.901587165509255328e-08 1.483000977575699153e-08
1.295904451384456643e+20 -1.645359781754507367e-08 1.259517934393272753e-08
1.159911414356750336e+20 -1.436170354862653653e-08 1.090188184171836383e-08
1.046997487627541709e+20 -1.263256838024418016e-08 9.613208673542317229e-09
9.480633803981398016e+19 -1.119460640852665279e-08 8.494169867478973401e-09
8.674105755915621171e+19 -1.005908756290807560e-08 7.502827303884629373e-09
2.389639205387091968e+20 -3.241494661576638237e-08 2.578960156540688331e-08
2.110704581994497311e+20 -2.790560027499111584e-08 2.203810101075731609e-08
1.834417025016067195e+20 -2.376021990269094886e-08 1.853001074803017900e-08
1.618681112261652644e+20 -2.055867343031536620e-08 1.573760255446643441e-08
1.449765186707774013e+20 -1.794486437223241637e-08 1.362183765785118794e-08
1.307981691899082670e+20 -1.578431985116424130e-08 1.201164812059118958e-08
1.185058545291314135e+20 -1.398759486015421771e-08 1.061341603492138574e-08
1.083477371647747523e+20 -1.256877057986827140e-08 9.374738652034864117e-09
2.892912707380136509e+20 -3.922917568566219870e-08 3.121106062486944666e-08
2.554419089668838195e+20 -3.377188106945538948e-08 2.667092258157310880e-08
2.221219604785869292e+20 -2.875506344146572246e-08 2.242536623064950163e-08
1.960814446292427080e+20 -2.488049188897889508e-08 1.904594171264761826e-08
1.753185174431391089e+20 -2.171721191768227754e-08 1.648540259857611545e-08
1.582614832368659988e+20 -1.910248037528816667e-08 1.453672160423025161e-08
1.434544554826327491e+20 -1.692804907360567768e-08 1.284455519723337602e-08
1.311952291520329482e+20 -1.521096182344194858e-08 1.134548466286133817e-08
3.417693623988268564e+20 -4.635387651497069328e-08 3.687953187281323153e-08
3.019641011958266593e+20 -3.990544117371541688e-08 3.151482630414648156e-08
2.624566349644200346e+20 -3.397748371547493207e-08 2.649820318723072887e-08
2.316017670743139287e+20 -2.939922316702592298e-08 2.250501651701597439e-08
2.071825794036454851e+20 -2.566143531002040845e-08 1.947943895075354703e-08
1.870814188210830705e+20 -2.257182307729976856e-08 1.717684361413063243e-08
1.694949713319769866e+20 -2.000247767419693901e-08 1.517735015443832935e-08
1.550022827144258191e+20 -1.797353732513329305e-08 1.340602240329502592e-08
